Time,Drive,Stimulus,Failure,Palm.EDA,Heart.Rate,Breathing.Rate,Perinasal.Perspiration,Speed,Acceleration,Brake,Steering,LaneOffset,Lane.Position,Distance,Gaze.X.Pos,Gaze.Y.Pos,Lft.Pupil.Diameter,Rt.Pupil.Diameter
1,4,0,0,84.0887,59.0,15.4,0.006058,-0.01780773977896,0.0,262.2161865,0.04141626,-0.099997282,1.924997282,8.39707e-06,0.0,0.0,0.003076,0.00333
2,4,0,0,84.7817,59.0,15.1,0.006039706,-0.01780774782566,0.0,262.2161865,0.032979614,-0.099997282,1.924997282,1.54506e-05,826.057617,644.946472,0.003062,0.003237
3,4,0,0,85.2893,60.0,15.1,0.00602131,-0.017807749435,0.0,262.2161865,0.026843872,-0.099997282,1.924997282,2.35117e-05,64.584702,625.466187,0.003617,0.003541
4,4,0,0,85.6839,60.0,14.8,0.006012092,-0.01780775104434,0.0,262.2161865,0.018407227,-0.099997282,1.924997282,3.09012e-05,696.24762,652.093018,0.00321,0.003297
5,4,0,0,85.803,60.0,14.8,0.006003463,-0.01780775104434,0.0,262.2161865,0.017640259,-0.099997282,1.924997282,3.92983e-05,733.288025,746.292908,0.003312,0.003492
6,4,0,0,86.5247,60.0,14.8,0.005988004,-0.01780774460698,0.0,262.3626709,0.023009033,-0.099997282,1.924997282,4.63519e-05,0.0,0.0,0.003374,0.003464
7,4,0,0,86.89,60.0,14.8,0.005956396,0.16786954246238,0.0,262.3626709,0.003834839,-0.099995852,1.924995852,5.4749e-05,0.0,0.0,0.0,0.0
8,4,0,0,87.0534,60.0,15.1,0.00591829,0.81688952228052,0.0,188.5345459,0.025309937,-0.09992528,1.92492528,6.18026e-05,1296.912842,320.7836,0.0,0.004666
9,4,0,0,87.0534,60.0,15.1,0.005871806,0.7967297095608,0.0,184.8724365,0.030678711,-0.099635363,1.924635363,0.001880569,686.488403,658.930298,0.002918,0.0
10,4,0,0,87.382,60.0,15.4,0.00584578,0.79640267879808,0.0,73.6907959,0.030678711,-0.099344015,1.924344015,0.068588434,681.620605,698.059204,0.003212,0.003343
11,4,0,0,88.1725,60.0,15.4,0.005852476,0.79681260827354,0.0,0.0,0.029144775,-0.098979712,1.923979712,0.241060005,733.63678,875.634705,0.00309,0.003303
12,4,0,0,88.8068,59.0,15.7,0.005893367,7.5355172005863,2.768554688,0.0,0.025309937,-0.097388506,1.922388506,0.390575459,689.039612,659.558716,0.003216,0.003437
13,4,0,0,89.3639,60.0,15.7,0.005970025,7.42905901679688,0.0,192.0501709,0.017640259,-0.092228651,1.917228651,0.568362966,700.808228,667.949097,0.003335,0.003566
14,4,0,0,89.6668,60.0,15.6,0.006047993,7.03528094355982,0.0,261.630249,0.026843872,-0.085791826,1.910791826,0.717714744,0.0,0.0,0.0,0.0
15,4,0,0,89.8844,60.0,15.6,0.006131027,6.65178497898824,0.0,261.7767334,0.030678711,-0.076611757,1.901611757,0.916943493,712.669128,676.748474,0.003315,0.003459
16,4,0,0,90.1908,59.0,15.8,0.006186067,6.36293524610858,0.0,261.9232178,0.030678711,-0.06657815,1.89157815,2.038437173,693.317688,677.941772,0.003211,0.003402
17,4,0,0,90.5879,60.0,15.8,0.006212931,5.96873883781324,0.0,147.958374,0.019941162,-0.053910017,1.878910017,3.795857195,708.214783,691.955994,0.003186,0.003379
18,4,0,0,91.0332,60.0,16.1,0.006198625,4.04864499618014,0.0,125.9857178,0.019941162,-0.043801069,1.868801069,5.210595841,700.212097,648.362305,0.003223,0.003395
19,4,0,0,91.4829,59.0,16.1,0.00616,1.686904474843,0.0,256.2103271,0.008436646,-0.037086725,1.862086725,6.822058645,688.541016,629.962097,0.00326,0.003421
20,4,0,0,91.8915,58.0,16.2,0.006133659,1.03549753642092,7.695922852,0.0,0.008436646,-0.034938097,1.859938097,8.120612512,711.210876,701.152405,0.003234,0.003484
21,4,0,0,92.3037,58.0,16.2,0.006126415,9.9355129793526,5.364074707,0.0,0.008436646,-0.021790743,1.846790743,9.550854202,696.174988,679.618896,0.003132,0.003378
22,4,0,0,92.8591,59.0,16.4,0.006135511,9.93524702465222,0.0,183.9935303,-0.008628387,0.00015,1.824850035,10.81866791,0.0,0.0,0.0,0.0
23,4,0,0,93.3271,60.0,16.4,0.006146935,9.49882822800194,0.0,261.630249,-0.004793549,0.0200665,1.8049335,12.09961041,707.690674,634.095886,0.0,0.003311
24,4,0,0,93.7523,61.0,16.6,0.006145289,8.63534605803608,0.0,260.8978271,0.012271484,0.037132502,1.787867498,12.92476711,0.0,0.0,0.0,0.0
25,4,0,0,94.038,61.0,16.6,0.006128336,0.17403821349334,0.0,261.7767334,0.00690271,0.042546034,1.782453966,13.49203298,688.157898,615.588928,0.003197,0.003514
26,4,0,0,94.4216,61.0,16.7,0.006108085,0.79149696630024,0.0,25.6439209,0.005368774,0.043526888,1.781473112,13.70577128,705.979309,697.616394,0.003288,0.003556
27,4,0,0,94.5662,60.0,16.7,0.006087318,4.08070085544972,12.9309082,0.0,0.005368774,0.046539545,1.778460455,14.34267508,682.526428,712.609619,0.003163,0.003392
28,4,0,0,94.8569,61.0,16.5,0.006070824,9.07635108261674,0.0,261.1907959,-0.004793549,0.061607122,1.763392878,16.20165238,0.0,0.0,0.0,0.0
29,4,0,0,95.2472,61.0,16.5,0.006042879,8.63234925935122,0.0,262.6556396,0.001533936,0.081172228,1.743827772,18.52670932,0.0,0.0,0.0,0.0
30,4,0,0,95.542,61.0,16.4,0.005998108,-0.23836627721804,0.0,261.9232178,0.001533936,0.090125799,1.734874201,20.41728836,671.21637,610.264282,0.003135,0.00335
31,4,0,0,95.7396,62.0,16.4,0.005924587,0.84355705212636,0.0,263.0950928,-0.007094452,0.090750933,1.734249067,22.59405978,708.427979,769.302979,0.003118,0.003238
32,4,0,0,96.0375,61.0,16.5,0.00585802,0.80946071388946,0.0,81.3079834,-0.023200775,0.092161417,1.732838583,24.00435707,696.576111,703.821594,0.003291,0.003535
33,4,0,0,96.4376,60.0,16.5,0.005797485,0.80036493664234,0.0,21.68884277,-0.037773163,0.093646765,1.731353235,24.01655231,0.0,0.0,0.0,0.0
34,4,0,0,96.7904,59.0,16.7,0.005763855,7.41789710931218,19.79187012,0.0,-0.037773163,0.097076178,1.727923822,24.12757699,718.725525,720.454773,0.003138,0.003382
35,4,0,0,97.2479,59.0,16.7,0.00574885,17.5712797907214,11.21429443,0.0,-0.017832001,0.111782312,1.713217688,24.31084204,741.943604,772.512512,0.003181,0.003428
36,4,0,0,97.5553,59.0,16.8,0.005753287,22.0566845334962,18.12194824,0.0,0.003067871,0.125221968,1.699778032,25.13892387,683.961426,688.665222,0.003148,0.0
37,4,0,0,97.9163,59.0,16.8,0.005771924,28.786646637316,21.94793701,0.0,-0.025501678,0.142941713,1.682058287,27.19850159,710.333008,704.120178,0.003308,0.003536
38,4,0,0,98.0719,60.0,16.9,0.005794198,33.9314003921008,24.41162109,0.0,-0.072286713,0.124436617,1.700563383,28.91104486,713.166687,681.591614,0.003216,0.00337
39,4,0,0,98.2801,59.0,16.9,0.005814196,39.3405944905124,25.86181641,0.0,0.016106323,-0.014276266,1.839276266,30.28830394,737.002014,843.619385,0.003194,0.003335
40,4,0,0,98.228,58.0,17.0,0.005818754,43.6274238328516,23.79638672,0.0,0.04141626,-0.150355101,1.975355101,30.28708309,691.422729,689.176086,0.003135,0.003298
41,4,0,0,98.1759,59.0,17.0,0.005811493,47.1701315188514,11.21429443,0.0,0.071328003,-0.172738791,1.997738791,30.42339048,707.761292,680.933289,0.003181,0.003371
42,4,0,0,98.6466,59.0,17.1,0.00579334,48.1690997924624,19.08874512,0.0,-0.024734711,-0.00942874,1.83442874,30.58177017,0.0,0.0,0.0,0.0
43,4,0,0,99.0688,58.0,17.1,0.005756801,52.084168875017,19.30847168,0.0,-0.060015228,0.139552832,1.685447168,30.75998697,737.58728,814.306091,0.003211,0.003355
44,4,0,0,99.3345,58.0,17.2,0.005717278,54.4316988259844,22.78289795,0.0,-0.060015228,0.095665693,1.729334307,30.92924857,689.627686,676.992493,0.003323,0.00343
45,4,0,0,99.8163,59.0,17.2,0.005674451,56.8823492491268,6.685180664,0.0,0.071328003,-0.148453474,1.973453474,32.44321334,0.0,0.0,0.0,0.0
46,4,0,0,100.3573,59.0,17.3,0.005648963,58.2416941964994,27.88604736,0.0,0.04141626,-0.232779741,2.057779741,35.55181603,0.0,0.0,0.0,0.0
47,4,0,0,100.6847,58.0,17.3,0.005646702,61.3733477197802,19.44030762,0.0,-0.010162323,-0.116659403,1.941659403,39.86807992,695.306213,677.806885,0.003409,0.003565
48,4,0,0,100.7394,58.0,17.3,0.005668234,62.587311538127,7.959594727,0.0,-0.015531097,0.01107192,1.81392808,43.98659043,746.799194,858.831177,0.003204,0.003286
49,4,0,0,101.0142,59.0,17.3,0.005721616,64.8620068162312,22.87078857,0.0,-0.025501678,0.094233751,1.730766249,50.18838491,686.046387,668.894409,0.003205,0.003374
50,4,0,0,101.3459,60.0,17.4,0.005774953,67.147658867297,18.47351074,0.0,-0.003259613,0.072848082,1.752151918,56.44262577,700.785583,665.187073,0.00328,0.003481
51,4,0,0,101.9036,58.0,17.4,0.005821377,68.8103180395842,11.25823975,0.0,0.019941162,0.017507315,1.807492685,64.82200243,703.033813,671.433105,0.00334,0.003484
52,4,0,0,102.2976,57.0,17.2,0.005839531,68.981462931736,0.0,0.0,0.018407227,0.023612738,1.801387262,71.44826688,694.739319,671.813721,0.00328,0.003403
53,4,0,0,102.5809,59.0,17.2,0.005843017,69.2659172046302,11.21429443,0.0,0.001533936,0.139594793,1.685405207,81.00350039,658.693481,621.77002,0.0,0.003281
54,4,0,0,103.2098,58.0,17.2,0.005834112,69.9371976702794,6.377563477,0.0,-0.008628387,0.271451235,1.553548765,90.38078759,736.174316,877.208679,0.003243,0.003307
55,4,0,0,103.4982,58.0,17.2,0.005821088,69.9103326840716,0.0,1.473999023,-0.001725677,0.384730577,1.440269423,100.9383494,711.66449,670.907104,0.003192,0.003359
56,4,0,0,103.8465,60.0,17.3,0.005809291,69.2447705414038,0.0,16.70837402,-0.034705292,0.454044104,1.370955896,110.86716,689.833008,670.738708,0.003329,0.003384
57,4,0,0,104.0799,60.0,17.3,0.005793953,68.4861968831172,0.0,15.97595215,0.0,0.406656027,1.418343973,122.319162,698.914612,666.187012,0.003247,0.003362
58,4,0,0,104.491,59.0,17.1,0.005782665,67.8618635528658,5.58380127,0.0,0.012271484,0.272487879,1.552512121,132.7439992,696.522522,673.299194,0.003225,0.003365
59,4,0,0,104.7274,60.0,17.1,0.005773475,68.6051006354742,11.25823975,0.0,0.04141626,0.179164171,1.645835829,145.6370728,0.0,0.0,0.0,0.0
60,4,0,0,104.9054,60.0,17.2,0.005757684,69.2711005347154,10.99456787,0.0,0.008436646,0.232376814,1.592623186,156.7108133,737.746094,857.841797,0.003175,0.003237
61,4,0,0,105.2034,60.0,17.2,0.005721214,69.9956184181798,7.564086914,0.0,-0.008628387,0.388623476,1.436376524,170.188897,686.340576,669.327393,0.003302,0.003417
62,4,0,0,105.5632,60.0,17.3,0.005688993,70.2058967459746,6.421508789,0.0,-0.040074066,0.484944105,1.340055895,181.9465795,681.935608,663.75592,0.00318,0.003262
63,4,0,0,105.744,61.0,17.3,0.0056842,70.3383314749968,7.300415039,0.0,-0.013997162,0.436637163,1.388362837,196.3225455,699.525208,669.124817,0.003236,0.003311
64,4,0,0,105.8044,61.0,17.3,0.005718101,70.5795201869574,6.509399414,0.0,0.009203613,0.294321299,1.530678701,208.567656,0.0,0.0,0.0,0.0
65,4,0,0,105.8649,61.0,17.3,0.005789927,70.496934796622,0.0,0.0,0.009203613,0.138488531,1.686511469,222.9533495,692.192688,669.410278,0.003283,0.003334
66,4,0,0,106.4736,62.0,17.4,0.00587057,70.130183269626,7.871704102,0.0,0.00690271,0.047613382,1.777386618,236.5219257,705.756897,670.59668,0.003365,0.003453
67,4,0,0,107.0893,61.0,17.4,0.005968693,70.402120932857,6.421508789,0.0,-0.004793549,-0.019044161,1.844044161,251.6412025,674.052002,648.520691,0.003156,0.003277
68,4,0,0,107.2133,59.0,17.4,0.006042293,70.5445951754144,6.553344727,0.0,-0.001725677,-0.084652662,1.909652662,265.6891704,687.244507,679.622498,0.003144,0.003308
69,4,0,0,107.587,61.0,17.4,0.006093298,70.712462437442,6.597290039,0.0,0.017640259,-0.169736624,1.994736624,281.0127382,0.0,0.0,0.0,0.0
70,4,0,0,107.9005,61.0,17.5,0.006111301,70.8552175259228,6.597290039,0.0,0.010737549,-0.197147131,2.022147131,294.444324,706.352722,744.941772,0.0035,0.003563
71,4,0,0,108.0264,60.0,17.5,0.006121133,71.026117814488,7.124633789,0.0,0.013038452,-0.161897898,1.986897898,310.5708697,735.242798,853.529175,0.003265,0.003275
72,4,0,0,108.5965,61.0,17.5,0.006123833,71.2691669234886,8.003540039,0.0,0.013038452,-0.071828604,1.896828604,324.1795225,687.149475,666.952698,0.003517,0.003631
73,4,0,0,108.9159,61.0,17.5,0.006105646,71.6523513890378,8.442993164,0.0,0.0,0.091866732,1.733133268,340.3506832,0.0,0.0,0.0,0.0
74,4,0,0,109.0441,61.0,17.6,0.006068385,71.9417268466246,7.695922852,0.0,-0.003259613,0.255707979,1.569292021,353.830352,691.16333,662.415527,0.003519,0.003581
75,4,0,0,109.4954,62.0,17.6,0.006018817,72.1811409393672,6.817016602,0.0,-0.010162323,0.419974089,1.405025911,369.7514694,694.021729,666.903687,0.003482,0.003661
76,4,0,0,109.8201,61.0,17.6,0.00598593,71.8710202201368,0.0,75.00915527,-0.046976776,0.529721022,1.295278978,383.0199796,751.487,868.730225,0.003766,0.003715
77,4,0,0,110.2123,61.0,17.6,0.005970965,71.0982269646924,0.0,83.6517334,-0.016298065,0.445969343,1.379030657,398.121845,718.278687,693.814514,0.003501,0.003662
78,4,0,0,110.6072,62.0,17.7,0.005975857,70.4043676680574,0.0,23.44665527,0.047552002,0.249664545,1.575335455,412.0744465,693.020081,686.328186,0.003523,0.0
79,4,0,0,110.8058,62.0,17.7,0.005992019,69.7089446723048,5.58380127,0.0,0.025309937,0.231405973,1.593594027,427.4204379,683.074585,673.024292,0.003462,0.003541
80,4,0,0,111.3387,61.0,17.7,0.006008036,69.9262492176056,6.597290039,0.0,-0.005560516,0.386481524,1.438518476,441.5991001,0.0,0.0,0.0,0.0
81,4,0,0,111.6744,62.0,17.7,0.006019197,69.9807095567934,5.58380127,0.0,-0.054646454,0.544411421,1.280588579,457.1618092,699.663879,674.427979,0.003242,0.00336
82,4,0,0,111.8768,62.0,18.0,0.006015947,70.0182638436548,5.58380127,0.0,-0.054646454,0.503642321,1.321357679,470.8115834,699.426086,678.947876,0.00332,0.003344
83,4,0,0,112.2158,62.0,18.0,0.006000765,70.1363930045764,6.729125977,0.0,0.03451355,0.208240271,1.616759729,487.0812343,705.887817,657.381226,0.003285,0.003457
84,4,0,0,112.4202,62.0,18.0,0.005986585,70.3361794172686,7.124633789,0.0,0.038348389,0.025981665,1.799018335,500.7801225,673.748291,661.946411,0.003312,0.003415
85,4,0,0,112.6253,62.0,18.0,0.005979305,70.5598224447198,7.080688477,0.0,0.00690271,0.022132635,1.802867365,517.1252036,748.558105,886.160217,0.003377,0.0034
86,4,0,0,112.8312,61.0,18.0,0.005990175,70.739357486121,6.641235352,0.0,0.003834839,0.067274809,1.757725191,530.8327113,747.821472,880.325928,0.003246,0.003385
87,4,0,0,113.3144,61.0,18.0,0.006023735,70.8067986812818,12.75512695,0.0,-0.007094452,0.15145278,1.67354722,547.068403,735.498901,885.56897,0.003455,0.003684
88,4,0,0,113.732,62.0,18.6,0.00604712,71.4894957405174,9.192810059,0.0,-0.024734711,0.194583178,1.630416822,558.7830206,714.26532,670.885803,0.003482,0.003724
89,4,0,0,113.9419,62.0,18.6,0.006044562,71.9399272826366,10.99456787,0.0,-0.004793549,0.187843561,1.637156439,572.4751257,714.340576,694.144104,0.003492,0.003547
90,4,0,0,114.4348,62.0,18.8,0.005996096,72.512190819523,10.95062256,0.0,0.012271484,0.178467035,1.646532965,586.1879969,0.0,0.0,0.0,0.0
91,4,0,0,114.7184,63.0,18.8,0.005901342,73.1298499110198,11.0824585,0.0,0.00690271,0.215383768,1.609616232,602.5405496,705.159485,694.179871,0.00312,0.003302
92,4,0,0,115.0748,63.0,19.4,0.005818982,73.7200258688148,11.17034912,0.0,0.005368774,0.301316977,1.523683023,616.3000249,744.799988,868.627808,0.003159,0.003236
93,4,0,0,114.8607,64.0,19.4,0.005769752,73.6562503961192,0.0,5.575561523,-0.007094452,0.390148878,1.434851122,628.7670614,707.199707,673.406128,0.003317,0.00353
94,4,0,0,114.6473,64.0,19.8,0.005739814,72.9500230158096,0.0,8.358764648,-0.077655487,0.462301493,1.362698507,644.539845,708.591614,675.406921,0.003242,0.003312
95,4,0,0,114.2936,63.0,19.8,0.005736548,72.3278531696004,2.592773438,0.0,0.00690271,0.275635004,1.549364996,658.3726333,713.300415,657.883118,0.003271,0.003427
96,4,0,0,114.2231,64.0,20.2,0.005749472,72.2447853796,5.58380127,0.0,0.026843872,0.007313013,1.817686987,674.8944308,702.703308,655.385986,0.003363,0.003632
97,4,0,0,114.2231,62.0,20.2,0.005776593,72.2446131319398,5.58380127,0.0,0.038348389,-0.154096842,1.979096842,688.8263239,0.0,0.0,0.0,0.0
98,4,0,0,114.4348,62.0,20.6,0.00582211,71.97698878959,2.416992188,0.0,0.023009033,-0.191527128,2.016527128,705.4674406,662.252625,676.028503,0.003313,0.003477
99,4,0,0,114.932,60.0,20.6,0.005858188,71.8392292694966,6.289672852,0.0,0.003067871,-0.119372606,1.944372606,720.1520997,0.0,0.0,0.0,0.0
100,4,0,0,115.2897,62.0,20.6,0.005871835,71.9103509125836,6.069946289,0.0,-0.010162323,1.03e-05,1.824989748,736.1919455,695.962891,674.603699,0.003363,0.003411
101,4,0,0,115.3615,64.0,20.6,0.005854818,71.960365192527,5.982055664,0.0,-0.024734711,0.078159571,1.746840429,750.1479494,702.85022,665.264099,0.00334,0.003423
102,4,0,0,115.0748,63.0,20.4,0.005814794,71.999986660525,5.715637207,0.0,-0.017832001,0.083148241,1.741851759,766.6309118,714.517212,663.384583,0.003426,0.00358
103,4,0,0,114.8607,58.0,20.4,0.005771011,71.8364020936384,0.0,0.0,-0.001725677,0.029185057,1.795814943,780.3674292,702.245605,682.08313,0.003375,0.0
104,4,0,0,115.0033,54.0,20.4,0.00571862,71.2043090569892,2.197265625,0.0,0.008436646,-0.05940032,1.88440032,795.9461572,696.734497,685.542114,0.003209,0.0
105,4,0,0,115.4335,54.0,20.4,0.005678196,71.0771391872166,3.694152832,0.0,0.013038452,-0.141945601,1.966945601,810.1518473,0.0,0.0,0.0,0.0
106,4,0,0,116.012,53.0,20.2,0.005650173,70.5198087161902,0.0,15.82946777,0.010737549,-0.188887835,2.013887835,825.6840843,702.988586,665.938416,0.003369,0.003555
107,4,0,0,116.523,53.0,20.2,0.005647385,69.9692895674996,0.0,0.0,-0.012463226,-0.190552473,2.015552473,839.2876026,715.026611,672.551086,0.003271,0.003421
108,4,0,0,116.9645,53.0,19.7,0.005657178,69.4331041181728,7.168579102,0.0,-0.010162323,-0.227035761,2.052035761,855.4899008,701.134094,658.115479,0.0,0.003292
109,4,0,0,117.2608,53.0,19.7,0.00565542,69.9269440984308,11.56585693,0.0,0.001533936,-0.289976835,2.114976835,869.1050472,701.462891,682.46283,0.003219,0.003391
110,4,0,0,117.2608,53.0,19.2,0.005623842,70.0893798540518,0.0,0.0,0.00690271,-0.360583544,2.185583544,885.3370829,705.886902,673.900024,0.003282,0.003404
111,4,0,0,117.1866,52.0,19.2,0.005571838,69.558917539633,0.0,13.9251709,0.030678711,-0.414302588,2.239302588,899.6559314,697.809204,680.566406,0.003295,0.003522
112,4,0,0,116.8907,53.0,18.5,0.005493107,68.9986839319004,0.0,7.040405273,0.025309937,-0.405719042,2.230719042,915.3143606,684.560913,681.278503,0.00317,0.003465
113,4,0,0,117.0385,53.0,18.5,0.005413673,68.5103835896036,0.0,7.479858398,-0.016298065,-0.311553717,2.136553717,929.046959,682.38208,678.836426,0.003451,0.003655
114,4,0,0,117.2608,53.0,17.6,0.005325384,67.9598180597342,0.0,28.5736084,-0.023200775,-0.180809259,2.005809259,945.4124649,0.0,0.0,0.0,0.0
115,4,0,0,117.6332,52.0,17.6,0.005266984,67.4796627963916,0.0,16.2689209,0.014572388,-0.110524893,1.935524893,959.1601439,746.958923,647.280579,0.003287,0.003401
116,4,0,0,118.2341,53.0,16.4,0.005237131,67.5956163710342,11.21429443,0.0,0.001533936,-0.037936926,1.862936926,975.0016115,798.513306,673.838501,0.003377,0.003501
117,4,0,0,118.8411,55.0,16.4,0.005245411,68.333522611453,14.69146729,0.0,-0.001725677,0.056391478,1.768608522,989.6086763,693.779114,665.34613,0.003205,0.00336
118,4,0,0,119.1469,56.0,15.4,0.005278235,69.1957429800012,9.544372559,0.0,-0.023200775,0.150161028,1.674838972,1005.649065,687.016418,671.209412,0.003352,0.003628
119,4,0,0,119.5314,57.0,15.4,0.005304782,69.2555991626212,5.276184082,0.0,-0.012463226,0.187468767,1.637531233,1019.777738,691.170105,665.238281,0.003474,0.003621
120,4,0,0,120.1519,57.0,14.7,0.005318683,68.9513397240444,0.0,4.110717773,0.00690271,0.180269957,1.644730043,1036.70958,682.44812,679.460999,0.003519,0.00374
121,4,0,0,120.308,58.0,14.7,0.005321675,68.4476628300638,0.0,25.6439209,0.003834839,0.170069456,1.654930544,1051.024775,705.054199,686.333618,0.00349,0.003726
122,4,0,0,120.8576,59.0,14.2,0.005316696,67.8991747328268,3.342590332,0.0,-0.027035614,0.172923326,1.652076674,1068.089155,662.951721,678.492126,0.003408,0.003693
123,4,0,0,120.9365,60.0,14.2,0.005298301,67.9170378757446,8.003540039,0.0,-0.030103485,0.146528959,1.678471041,1082.990564,702.706787,685.408081,0.003296,0.00353
124,4,0,0,121.0156,59.0,13.7,0.005265015,68.302372548281,9.192810059,0.0,0.001533936,0.04750371,1.77749629,1099.116968,726.273682,678.622986,0.003469,0.003725
125,4,0,0,121.2533,59.0,13.7,0.005236707,68.6422193544646,9.148864746,0.0,0.021475098,-0.05429101,1.87929101,1113.164352,706.891296,779.131104,0.003308,0.003587
126,4,0,0,121.4919,60.0,13.2,0.005215889,69.0508224601768,11.03851318,0.0,0.032212646,-0.137174368,1.962174368,1129.885738,697.408203,665.044922,0.003391,0.00346
127,4,0,0,121.7315,61.0,13.2,0.005214127,69.4778487591268,9.720153809,0.0,0.021475098,-0.150127172,1.975127172,1143.932241,0.0,0.0,0.0,0.0
128,4,0,0,121.5717,60.0,12.8,0.005233665,69.9187269532314,9.060974121,0.0,0.016106323,-0.096447229,1.921447229,1159.926976,687.036499,672.675293,0.003345,0.003467
129,4,0,0,120.7788,59.0,12.8,0.005260893,70.2358111096144,8.929138184,0.0,0.005368774,-0.005002737,1.830002737,1174.561261,737.378113,857.687378,0.003127,0.003372
130,4,0,0,120.5429,60.0,12.4,0.005286496,70.5146594397394,7.080688477,0.0,-0.010162323,0.137563944,1.687436056,1190.538396,0.0,0.0,0.0,0.0
131,4,0,0,120.8576,60.0,12.4,0.005300769,70.6375114985722,7.300415039,0.0,-0.003259613,0.254296541,1.570703459,1204.527778,640.60553,663.059814,0.003156,0.003226
132,4,0,0,121.3327,59.0,12.4,0.005319505,70.8218411983552,7.300415039,0.0,-0.004793549,0.373987436,1.451012564,1221.190959,0.0,0.0,0.0,0.0
133,4,0,0,121.5717,58.0,12.4,0.005345923,71.0369755647594,8.267211914,0.0,-0.000959,0.473159075,1.351840925,1235.180544,703.813904,671.291321,0.003292,0.00339
134,4,0,0,121.7315,59.0,12.6,0.005391862,71.3148578080824,8.267211914,0.0,-0.053879486,0.563949823,1.261050177,1251.72798,702.000671,684.431702,0.003331,0.003444
135,4,0,0,122.1329,58.0,12.6,0.005447452,71.5446354303994,8.003540039,0.0,-0.019365936,0.563181162,1.261818838,1266.216668,743.118408,835.1828,0.003181,0.003238
136,4,0,0,122.456,58.0,12.9,0.005520087,71.7580853489058,7.695922852,0.0,0.016106323,0.487246275,1.337753725,1281.962731,0.0,0.0,0.0,0.0
137,4,0,0,122.537,60.0,12.9,0.005580311,71.943639563308,7.739868164,0.0,0.0,0.444989443,1.380010557,1295.636146,709.191711,655.28833,0.0,0.003243
138,4,0,0,122.7807,59.0,13.4,0.005639172,72.169150101082,8.091430664,0.0,0.008436646,0.4024508,1.4225492,1311.786013,0.0,0.0,0.0,0.0
139,4,0,0,123.1891,59.0,13.4,0.005682884,72.3790753557742,8.003540039,0.0,0.003834839,0.375952005,1.449047995,1325.308756,702.186096,676.320496,0.003372,0.0
140,4,0,0,123.8482,61.0,13.8,0.005719976,72.6289304280084,8.355102539,0.0,-0.000959,0.363024473,1.461975527,1340.876797,743.651672,868.710022,0.003485,0.003501
141,4,0,0,124.4307,60.0,13.8,0.005728204,72.829677632774,7.651977539,0.0,-0.000959,0.35259366,1.47240634,1355.133548,0.0,0.0,0.0,0.0
142,4,0,0,124.9344,59.0,14.2,0.005704785,72.4248564277816,0.0,0.0,0.012271484,0.338559389,1.486440611,1370.564123,680.09967,652.15387,0.00337,0.003468
143,4,0,0,125.1878,60.0,14.2,0.005670845,71.9148046000996,2.63671875,0.0,0.008436646,0.347129583,1.477870417,1383.962536,722.00293,671.585388,0.003264,0.003394
144,4,0,0,125.5272,60.0,14.6,0.00563425,71.8267156853926,6.069946289,0.0,-0.004793549,0.387996435,1.437003565,1399.787786,706.343079,658.330994,0.003138,0.003122
145,4,0,0,125.9541,59.0,14.6,0.005608107,71.893111195795,6.201782227,0.0,-0.003259613,0.419431925,1.405568075,1412.976051,822.245605,664.176208,0.003143,0.003253
146,4,0,0,126.2116,59.0,14.9,0.005586991,71.9873499458176,6.685180664,0.0,-0.030103485,0.437640905,1.387359095,1428.581671,690.10437,667.950989,0.003206,0.003328
147,4,0,0,126.0398,60.0,14.9,0.005580102,72.1280810478474,7.695922852,0.0,-0.017832001,0.404152155,1.420847845,1441.751009,565.326721,648.474426,0.003272,0.003356
148,4,0,0,125.8685,60.0,15.2,0.0055887,72.3049079240834,7.300415039,0.0,0.001533936,0.305945158,1.519054842,1456.63225,702.724915,653.889404,0.003238,0.003284
149,4,0,0,126.4702,58.0,15.2,0.005610978,72.450898703288,7.388305664,0.0,0.008436646,0.216542482,1.608457518,1470.084046,0.0,0.0,0.0,0.0
150,4,0,0,126.8166,59.0,15.5,0.005644242,72.3283425055208,0.0,0.0,0.008436646,0.137840509,1.687159491,1486.098338,680.833801,693.286987,0.003335,0.00338
151,4,0,0,127.165,59.0,15.5,0.005662878,71.8151961101396,0.395507813,0.0,0.014572388,0.094607115,1.730392885,1499.465581,711.375122,670.885071,0.003395,0.003485
152,4,0,0,127.3399,58.0,15.8,0.005659165,71.2812496550878,0.0,0.0,-0.000959,0.089386702,1.735613298,1514.625715,685.052917,691.294495,0.003239,0.003221
153,4,0,0,126.9036,59.0,15.8,0.005641529,70.759774378031,0.0,0.0,-0.001725677,0.109659433,1.715340567,1528.453282,802.711609,686.539978,0.003348,0.0
154,4,0,0,125.5272,60.0,16.0,0.005621972,70.1892213603504,0.0,2.792358398,-0.012463226,0.12683177,1.69816823,1543.585361,743.079224,859.237427,0.003322,0.003409
155,4,0,0,123.5178,59.0,16.0,0.005616497,69.6764243204964,0.0,3.085327148,-0.008628387,0.118540049,1.706459951,1556.901523,735.872925,857.467529,0.003215,0.003368
156,4,0,0,119.1469,59.0,16.2,0.005635294,69.6299289912102,6.421508789,0.0,0.008436646,0.070153475,1.754846525,1572.845049,696.417725,668.151306,0.003141,0.003188
157,4,0,0,115.5055,61.0,16.2,0.005678175,69.7578649872898,6.948852539,0.0,0.017640259,0.02788949,1.79711051,1586.328019,744.192505,847.548279,0.003168,0.003271
158,4,0,0,112.0122,61.0,16.4,0.005754527,69.9021565448554,5.627746582,0.0,0.009203613,0.025639296,1.799360704,1602.478404,698.766479,663.575989,0.003398,0.003601
159,4,0,0,107.9005,60.0,16.4,0.005835944,69.8294985936176,5.495910645,0.0,0.003067871,0.057303667,1.767696333,1616.117055,0.0,0.0,0.0,0.0
160,4,0,0,104.0799,61.0,16.2,0.005925551,69.7810659891196,3.82598877,0.0,-0.001725677,0.106401205,1.718598795,1632.420922,0.0,0.0,0.0,0.0
161,4,0,0,100.9041,62.0,16.2,0.005987741,69.7265489850704,5.23223877,0.0,-0.010162323,0.145957232,1.679042768,1646.148045,734.956116,865.928711,0.003211,0.00326
162,4,0,0,99.9241,61.0,16.4,0.006038409,69.7815402938044,7.124633789,0.0,-0.003259613,0.170930624,1.654069376,1662.529208,678.531616,657.13147,0.003326,0.003478
163,4,0,0,100.032,60.0,16.4,0.006062997,69.9211247088974,6.597290039,0.0,-0.001725677,0.173738718,1.651261282,1676.329501,740.179382,661.412292,0.00327,0.003372
164,4,0,0,101.1798,62.0,16.3,0.006055194,69.9727090609448,5.539855957,0.0,0.003067871,0.160220385,1.664779615,1692.158809,745.678894,851.406799,0.003225,0.003431
165,4,0,0,102.923,60.0,16.3,0.00600569,70.0363600672848,6.685180664,0.0,0.003834839,0.153573751,1.671426249,1706.720516,703.473694,664.51532,0.003105,0.003328
166,4,0,0,104.3732,59.0,16.4,0.005907816,70.2074185861588,7.256469727,0.0,0.003834839,0.157559156,1.667440844,1722.652799,0.0,0.0,0.0,0.0
167,4,0,0,104.55,58.0,16.4,0.005809704,70.3713771797548,7.256469727,0.0,-0.008628387,0.169017553,1.655982447,1736.632672,696.513672,673.706421,0.00316,0.003302
168,4,0,0,103.9631,58.0,16.3,0.005709679,70.5701332446988,7.300415039,0.0,0.0,0.171410799,1.653589201,1753.324099,0.0,0.0,0.0,0.0
169,4,0,0,104.3144,58.0,16.3,0.005643957,70.7292819233698,7.080688477,0.0,0.0,0.167551756,1.657448244,1767.388519,731.685974,868.302185,0.003083,0.003129
170,4,0,0,105.084,58.0,16.5,0.005597823,70.8789710624548,6.685180664,0.0,-0.001725677,0.163021803,1.661978197,1784.18572,705.884705,759.791504,0.003131,0.00319
171,4,0,0,106.2903,58.0,16.5,0.005584826,70.9964341497372,6.685180664,0.0,0.003067871,0.157607317,1.667392683,1798.340292,734.303772,855.453125,0.003152,0.003249
172,4,0,0,107.6496,58.0,16.3,0.005605428,71.1250086353684,6.465454102,0.0,0.001533936,0.154710531,1.670289469,1815.137157,743.100891,861.736694,0.003264,0.003302
173,4,0,0,108.5965,59.0,16.3,0.005660029,71.2677879926964,8.442993164,0.0,-0.000959,0.156532526,1.668467474,1829.139298,727.683777,753.848877,0.003302,0.00348
174,4,0,0,109.9505,59.0,16.2,0.005765443,71.5326994545148,8.223266602,0.0,0.001533936,0.161597967,1.663402033,1845.764644,739.852417,874.39801,0.003262,0.00333
175,4,0,0,110.4753,59.0,16.2,0.005876753,71.7472532837008,7.783813477,0.0,-0.000959,0.168863535,1.656136465,1859.741275,698.868103,662.372925,0.003126,0.003346
176,4,0,0,111.3387,59.0,16.4,0.005982711,71.9673634397038,6.948852539,0.0,0.003067871,0.175378084,1.649621916,1875.733777,708.826294,672.283875,0.003191,0.003181
177,4,0,0,112.2158,60.0,16.4,0.006031909,71.9656994465174,5.58380127,0.0,0.021475098,0.187203646,1.637796354,1890.422654,682.556885,704.589294,0.003267,0.003431
178,4,0,0,110.7395,61.0,16.5,0.006040878,71.9698349836088,5.58380127,0.0,0.008436646,0.259780169,1.565219831,1906.484546,684.952698,677.340271,0.003334,0.003492
179,4,0,0,111.4057,60.0,16.5,0.006024048,71.9717990221448,5.58380127,0.0,-0.012463226,0.372415304,1.452584696,1920.569589,691.506592,704.509827,0.003405,0.003441
180,4,0,0,111.0716,61.0,16.7,0.005999618,71.9769542370602,5.58380127,0.0,-0.061549164,0.486907244,1.338092756,1937.321484,694.538818,707.459717,0.003283,0.0
181,4,0,0,109.3661,62.0,16.7,0.005985128,71.8994182636286,2.548828125,0.0,-0.057714325,0.475238085,1.349761915,1949.299538,703.529297,675.344116,0.003315,0.003369
182,4,0,0,107.0274,62.0,16.8,0.005968634,71.4404131557802,6.377563477,0.0,0.02761084,0.261010408,1.563989592,1965.825402,727.30072,876.544006,0.003359,0.003364
183,4,0,0,105.503,61.0,16.8,0.005955834,71.6754975928406,8.574829102,0.0,0.06212439,0.039062262,1.785937738,1979.597952,0.0,0.0,0.0,0.0
184,4,0,0,104.0799,60.0,16.9,0.005946185,71.6957484813296,0.0,0.0,0.067493164,-0.039961576,1.864961576,1993.27171,694.536926,669.101379,0.00335,0.003455
185,4,0,0,102.1284,59.0,16.9,0.005939142,71.101720503871,0.0,0.0,0.016106323,0.104051828,1.720948172,2009.423054,608.892822,668.421204,0.003351,0.003324
186,4,0,0,100.5753,60.0,16.7,0.005936846,70.8364860314212,6.026000977,0.0,-0.069218842,0.346854925,1.478145075,2022.955208,706.124695,673.86499,0.003382,0.003371
187,4,0,0,100.032,59.0,16.7,0.005938065,70.9294262371846,6.245727539,0.0,-0.081490326,0.475043058,1.349956942,2038.452192,699.568604,672.703613,0.003323,0.003484
188,4,0,0,100.3029,59.0,16.9,0.005940949,71.0157138659098,6.948852539,0.0,-0.044675873,0.339608431,1.485391569,2052.685579,0.0,0.0,0.0,0.0
189,4,0,0,101.5125,60.0,16.9,0.005946042,71.2052294224418,7.695922852,0.0,0.009203613,0.009997129,1.815002871,2068.852911,700.539673,662.195374,0.003127,0.003302
190,4,0,0,102.5241,58.0,17.0,0.005948334,71.3968737173654,7.520141602,0.0,0.085133423,-0.301510572,2.126510572,2082.424018,671.793274,691.200195,0.003236,0.00332
191,4,0,0,103.325,58.0,17.0,0.005945937,71.5751540368356,7.168579102,0.0,0.119646973,-0.438768625,2.263768625,2098.563957,682.704895,690.264526,0.003099,0.003172
192,4,0,0,103.325,58.0,17.1,0.005946122,71.6333978538964,5.58380127,0.0,-0.004793549,-0.236499548,2.061499548,2112.129877,674.678589,671.267883,0.003044,0.00317
193,4,0,0,101.6797,58.0,17.1,0.005957056,71.5306846252084,4.265441895,0.0,-0.083791229,0.122065306,1.702934694,2127.664707,733.981689,868.639709,0.003239,0.003261
194,4,0,0,99.9241,58.0,17.2,0.005974147,71.5978277545078,6.992797852,0.0,-0.092994843,0.218192339,1.606807661,2141.917229,706.162903,683.634216,0.003313,0.003358
195,4,0,0,99.4411,58.0,17.2,0.005990457,71.7444343476634,7.036743164,0.0,0.0690271,0.038642168,1.786357832,2157.479759,0.0,0.0,0.0,0.0
196,4,0,0,99.4411,59.0,16.9,0.005991596,71.8713074390466,6.992797852,0.0,0.061357422,-0.087284327,1.912284327,2171.126503,690.570923,666.788208,0.003172,0.003296
197,4,0,0,98.8572,59.0,16.9,0.005981284,71.98244123351,6.509399414,0.0,0.026843872,-0.006119967,1.831119967,2185.457703,731.432617,845.652588,0.003289,0.003247
198,4,0,0,98.91,59.0,16.8,0.005964626,72.0623366603156,6.465454102,0.0,0.003067871,0.184963942,1.640036058,2199.171597,738.23291,857.945129,0.003175,0.00326
199,4,0,0,99.6552,58.0,16.8,0.00592859,72.0993067084768,5.58380127,0.0,-0.049277679,0.43056941,1.39443059,2215.538083,680.587524,681.659973,0.003346,0.0
200,4,0,0,100.5207,59.0,16.9,0.005868176,72.098618442039,5.671691895,0.0,-0.112169037,0.557307959,1.267692041,2229.314199,695.474426,673.36853,0.003108,0.003185
201,4,0,0,101.5682,58.0,16.9,0.005766972,72.1086246100494,5.715637207,0.0,0.063658325,0.360279799,1.464720201,2245.08557,695.805725,671.3078,0.003139,0.003204
202,4,0,0,99.8702,59.0,16.7,0.005663672,72.1237493000232,6.026000977,0.0,0.056755615,0.186772585,1.638227415,2259.567742,707.774902,671.19812,0.003191,0.003215
203,4,0,0,98.4368,60.0,16.7,0.005542334,72.2182918290642,6.773071289,0.0,0.003067871,0.154961824,1.670038176,2276.059818,709.719604,661.748718,0.003192,0.00322
204,4,0,0,98.8045,60.0,16.8,0.005444687,72.3330802415468,7.168579102,0.0,-0.027035614,0.179171801,1.645828199,2289.296933,692.970886,665.460815,0.002983,0.003097
205,4,0,0,100.0861,59.0,16.8,0.005360112,72.5039689911442,7.476196289,0.0,0.001533936,0.145278215,1.679721785,2305.896877,715.906982,788.440674,0.003228,0.003285
206,4,0,0,101.7356,58.0,16.9,0.005318508,72.6645646917828,7.783813477,0.0,0.00690271,0.093785048,1.731214952,2320.547847,0.0,0.0,0.0,0.0
207,4,0,0,102.923,59.0,16.9,0.005311166,72.8040926029484,6.948852539,0.0,-0.000959,0.045559168,1.779440832,2336.540042,699.64801,663.731323,0.003062,0.003135
208,4,0,0,103.8465,59.0,17.0,0.005340309,72.9148890153742,6.992797852,0.0,-0.000959,0.009155035,1.815844965,2351.199573,694.620605,662.362122,0.003275,0.003337
209,4,0,0,104.3732,59.0,17.0,0.005403165,73.0353906975106,6.860961914,0.0,0.0,-0.035668612,1.860668612,2367.192153,713.51532,660.800598,0.003249,0.003291
210,4,0,0,104.0215,60.0,16.8,0.005465696,73.124063899198,6.948852539,0.0,0.0,-0.07352519,1.89852519,2381.186751,726.697693,686.260498,0.003165,0.003181
211,4,0,0,102.1284,60.0,16.8,0.005528548,73.2493524022304,7.124633789,0.0,0.025309937,-0.111181498,1.936181498,2397.818549,0.0,0.0,0.0,0.0
212,4,0,0,100.9041,60.0,16.9,0.00556497,73.3188198208248,4.133605957,0.0,0.013038452,-0.097306013,1.922306013,2411.714876,0.0,0.0,0.0,0.0
213,4,0,0,101.5125,60.0,16.9,0.005573528,72.786126397897,0.0,30.3314209,-0.030103485,-0.02703166,1.85203166,2427.637325,704.78949,694.256897,0.003375,0.0
214,4,0,0,102.7517,61.0,17.0,0.005550805,72.2868840080996,0.0,17.73376465,-0.036239227,0.007128,1.817872,2442.220202,696.097778,694.106812,0.003306,0.0
215,4,0,0,103.9047,60.0,17.0,0.005501472,71.7208759114196,0.0,0.0,-0.003259613,-0.079110861,1.904110861,2458.664233,744.047791,845.614014,0.003255,0.003273
216,4,0,0,104.7867,60.0,17.1,0.0054523,71.3290350635048,5.58380127,0.0,0.014572388,-0.220680952,2.045680952,2471.784765,738.965271,867.283508,0.003268,0.003398
217,4,0,0,104.9648,60.0,17.1,0.005398217,71.3079287947124,3.957824707,0.0,0.023009033,-0.354976416,2.179976416,2488.206129,711.953613,657.721008,0.003421,0.003773
218,4,0,0,105.323,59.0,17.2,0.005353722,71.2291983530394,4.089660645,0.0,0.0690271,-0.422272444,2.247272444,2502.679392,723.829102,693.109375,0.003246,0.0
219,4,0,0,106.1684,58.0,17.2,0.005313701,71.1098529977864,4.133605957,0.0,0.046785034,-0.343991041,2.168991041,2518.512132,692.996704,671.212524,0.0031,0.003319
220,4,0,0,106.8422,59.0,17.0,0.005295598,70.9957618962324,3.82598877,0.0,-0.052345551,-0.134632349,1.959632349,2533.068759,0.0,0.0,0.0,0.0
221,4,0,0,107.6496,59.0,17.0,0.005293148,70.8515746238988,3.913879395,0.0,-0.072286713,0.0731709,1.7518291,2548.979279,681.361694,684.398926,0.003212,0.003393
222,4,0,0,108.2157,58.0,17.1,0.005301728,70.7842189973458,5.188293457,0.0,-0.040074066,0.096583128,1.728416872,2562.898516,722.651001,913.326599,0.003331,0.00336
223,4,0,0,108.9799,59.0,17.1,0.005319601,70.8022718009826,5.671691895,0.0,0.018407227,-0.001466036,1.826466036,2579.457579,734.24823,868.330078,0.003186,0.003299
224,4,0,0,109.2371,60.0,17.2,0.00534022,70.8787383036106,6.597290039,0.0,0.038348389,-0.064162016,1.889162016,2593.390725,699.511719,662.125793,0.003304,0.003368
225,4,0,0,109.1727,60.0,17.2,0.00536598,70.9772770652726,6.377563477,0.0,0.021475098,-0.043355227,1.868355227,2609.345685,694.636108,668.845581,0.003294,0.00351
226,4,0,0,108.7879,60.0,17.3,0.005385731,71.052734447347,6.333618164,0.0,-0.001725677,0.042107344,1.782892656,2623.997544,719.255798,671.391479,0.003249,0.003447
227,4,0,0,109.3016,60.0,17.3,0.0053995,70.7954585474388,0.0,24.4720459,-0.020132904,0.169182062,1.655817938,2639.999868,707.163086,700.690491,0.003361,0.0
228,4,0,0,109.5602,60.0,17.3,0.005400561,70.3280588968428,0.0,9.677124023,-0.036239227,0.234490156,1.590509844,2654.01554,698.748291,684.541687,0.003368,0.0
229,4,0,0,109.8201,59.0,17.3,0.00538839,69.7782242809212,0.0,8.944702148,-0.020132904,0.21280551,1.61219449,2670.703717,686.179871,676.38147,0.003408,0.003557
230,4,0,0,109.1084,60.0,17.7,0.005373032,69.3210168863198,4.309387207,0.0,0.014572388,0.130539656,1.694460344,2685.389232,738.356995,665.618713,0.003265,0.003415
231,4,0,0,108.4693,59.0,17.7,0.005360041,69.578018313291,8.618774414,0.0,0.017640259,0.045850515,1.779149485,2701.413537,686.764893,723.362488,0.003217,0.0
232,4,0,0,108.9159,58.0,17.7,0.00535356,69.8300442403446,8.530883789,0.0,0.016106323,0.007333517,1.817666483,2716.115306,662.943787,670.855286,0.003267,0.003437
233,4,0,0,109.6251,59.0,17.7,0.005349262,70.1331970967374,8.929138184,0.0,0.023776001,0.00311017,1.82188983,2732.179551,689.162781,680.165222,0.003233,0.003392
234,4,0,0,110.0812,59.0,17.7,0.005347699,70.424845296459,9.148864746,0.0,0.012271484,0.043892622,1.781107378,2746.264032,666.130615,676.521973,0.003304,0.003347
235,4,0,0,110.5412,58.0,17.7,0.005346862,70.7550008985636,8.885192871,0.0,0.003067871,0.136545897,1.688454103,2763.071502,593.526428,673.479675,0.003265,0.003367
236,4,0,0,111.2718,58.0,17.8,0.005342858,70.8885993735266,5.58380127,0.0,-0.007094452,0.225524187,1.599475813,2777.220313,525.389893,692.429993,0.003294,0.003534
237,4,0,0,112.0122,59.0,17.8,0.005332601,70.7949666526678,0.0,0.0,-0.015531097,0.307862043,1.517137957,2793.416383,676.086487,679.069702,0.003403,0.003575
238,4,0,0,112.6253,58.0,17.8,0.005325307,70.3088471109116,0.0,2.352905273,-0.004793549,0.352577925,1.472422075,2808.286917,692.231995,682.091125,0.003381,0.003614
239,4,0,0,113.2452,58.0,17.8,0.00532992,69.777919665046,0.0,0.0,-0.019365936,0.368980169,1.456019831,2824.533109,683.612122,682.894104,0.003229,0.003383
240,4,0,0,113.5925,59.0,18.1,0.005348992,69.3013538736394,0.0,0.0,-0.010929291,0.344457388,1.480542612,2838.770897,697.678711,666.202698,0.003247,0.003323
241,4,0,0,114.0121,59.0,18.1,0.005381892,68.9469840936146,7.783813477,0.0,-0.008628387,0.276845217,1.548154783,2855.732069,0.0,0.0,0.0,0.0
242,4,0,0,114.1526,58.0,18.1,0.005410939,69.2501312690372,9.104919434,0.0,0.009203613,0.191298246,1.633701754,2870.564535,668.410095,668.328613,0.003197,0.003282
243,4,0,0,114.2231,60.0,18.1,0.00543701,69.5706301230322,8.753356934,0.0,0.021475098,0.100388288,1.724611712,2886.617931,735.499084,868.56012,0.003181,0.003264
244,4,0,0,114.2231,60.0,18.1,0.00545564,69.887666594671,9.632263184,0.0,0.021475098,0.068472147,1.756527853,2901.217077,0.0,0.0,0.0,0.0
245,4,0,0,114.5056,60.0,18.1,0.00548812,70.3948578365964,11.21429443,0.0,0.009203613,0.084767103,1.740232897,2917.068351,684.815674,660.923279,0.003394,0.003556
246,4,0,0,114.3641,61.0,18.1,0.00553542,70.8403346875642,11.21429443,0.0,0.005368774,0.126054049,1.698945951,2930.929145,680.218323,669.275024,0.003068,0.003217
247,4,0,0,113.732,61.0,18.1,0.005598301,71.3641242116344,11.21429443,0.0,0.005368774,0.192049265,1.632950735,2947.407606,719.276489,664.846008,0.002996,0.003076
248,4,0,0,113.2452,61.0,18.1,0.005644439,71.8153767424612,10.86273193,0.0,-0.004793549,0.261615515,1.563384485,2961.223588,735.454102,869.668213,0.00328,0.003195
249,4,0,0,113.3144,60.0,18.1,0.005680426,71.9041482426358,0.0,12.31384277,-0.010162323,0.335793734,1.489206266,2976.982396,0.0,0.0,0.0,0.0
250,4,0,0,114.0823,61.0,18.1,0.005700676,71.4277424839988,0.0,27.10876465,-0.046976776,0.36961484,1.45538516,2991.404358,701.316101,669.209412,0.00318,0.003314
251,4,0,0,114.7184,60.0,18.1,0.005712552,70.849647085194,0.0,17.73376465,-0.044675873,0.291867971,1.533132029,3007.134929,0.0,0.0,0.0,0.0
252,4,0,0,115.3615,60.0,18.1,0.005706598,70.3657050609248,0.0,0.0,0.029144775,0.104393721,1.720606279,3020.912674,706.28833,672.886108,0.003236,0.00325
253,4,0,0,115.7943,60.0,18.1,0.005678709,69.8326022058076,0.0,9.970092773,0.036047485,-0.080945253,1.905945253,3037.33872,688.24408,669.098572,0.003321,0.003333
254,4,0,0,116.0847,59.0,18.1,0.005649065,69.3555209588924,0.0,8.798217773,0.02761084,-0.156810045,1.981810045,3051.812021,675.68219,657.414001,0.00328,0.003474
255,4,0,0,116.0847,59.0,18.1,0.005626984,68.8145336413406,0.0,0.0,0.003067871,-0.151217699,1.976217699,3067.541839,686.310913,667.021301,0.003284,0.003302
256,4,0,0,116.3034,59.0,18.4,0.005617854,68.3609334214152,0.0,0.0,0.001533936,-0.114481688,1.939481688,3081.847602,688.546509,688.503174,0.003301,0.00338
257,4,0,0,116.5963,59.0,18.4,0.005605909,67.844836381611,0.0,0.0,0.00690271,-0.054731607,1.879731607,3097.331,672.343323,664.713013,0.003252,0.003407
258,4,0,0,117.2608,59.0,18.4,0.005585626,67.3993252517012,0.0,0.0,0.003067871,0.025388956,1.799611044,3110.819401,0.0,0.0,0.0,0.0
259,4,0,0,117.9329,60.0,18.4,0.00555206,67.4454190667508,10.86273193,0.0,-0.024734711,0.115501165,1.709498835,3126.950793,688.329773,680.773315,0.003188,0.003294
260,4,0,0,118.3096,60.0,18.3,0.005521533,67.9991969841008,12.31567383,0.0,-0.033938324,0.160755396,1.664244604,3140.562792,689.260193,671.498596,0.003252,0.003273
261,4,0,0,118.7648,59.0,18.3,0.005495219,68.6795033687664,13.10668945,0.0,-0.020132904,0.13018012,1.69481988,3156.193218,694.565613,678.869629,0.003199,0.0
262,4,0,0,118.9938,61.0,18.3,0.005484529,69.3560042919746,14.29321289,0.0,0.010737549,0.04857564,1.77642436,3170.591484,0.0,0.0,0.0,0.0
263,4,0,0,119.3004,61.0,18.3,0.00548902,70.2668471188606,12.44750977,0.0,0.032212646,-0.036279917,1.861279917,3186.342161,698.189209,668.578125,0.003219,0.003399
264,4,0,0,119.7633,60.0,18.3,0.005504248,70.9524091090708,15.13092041,0.0,0.038348389,-0.064425707,1.889425707,3200.108435,0.0,0.0,0.0,0.0
265,4,0,0,119.9962,61.0,18.3,0.005521366,71.4686825003522,6.904907227,0.0,0.00690271,-0.00246501,1.82746501,3216.377781,688.435303,697.241882,0.003276,0.0
266,4,0,0,119.9962,61.0,18.5,0.005527223,71.785154737387,12.40356445,0.0,0.005368774,0.077820539,1.747179461,3230.579959,711.030518,652.177429,0.003173,0.00326
267,4,0,0,120.2299,60.0,18.5,0.00552572,72.3989020383326,12.18383789,0.0,-0.034705292,0.177661657,1.647338343,3245.951918,686.870911,653.565125,0.003167,0.003285
268,4,0,0,120.308,60.0,18.5,0.005524423,72.7320818799784,6.685180664,0.0,-0.027035614,0.230695486,1.594304514,3260.013021,1020.148987,670.676819,0.00329,0.003485
269,4,0,0,120.4645,60.0,18.5,0.00553011,72.7052527498658,3.957824707,0.0,-0.015531097,0.209867239,1.615132761,3275.428652,741.728577,681.817383,0.003203,0.003323
270,4,0,0,120.7788,59.0,18.5,0.005540917,72.7500519635392,8.486938477,0.0,-0.015531097,0.153298616,1.671701384,3288.981601,731.533691,857.181091,0.003134,0.003209
271,4,0,0,120.6214,59.0,18.5,0.005549954,72.940525672827,7.300415039,0.0,0.00690271,0.045864344,1.779135656,3305.219545,696.042908,678.346802,0.003222,0.003367
272,4,0,0,121.0947,60.0,18.7,0.005548388,73.0623642337014,6.992797852,0.0,0.019941162,-0.043424845,1.868424845,3318.963893,741.815308,662.939209,0.003101,0.003244
273,4,0,0,121.6515,59.0,18.7,0.00553535,73.0440914171932,0.0,0.0,0.014572388,-0.108549833,1.933549833,3334.78643,706.482483,663.742676,0.003324,0.003347
274,4,0,0,122.2135,58.0,18.6,0.005513699,72.6860718310758,6.421508789,0.0,-0.000959,-0.125879049,1.950879049,3349.395423,697.885376,701.801086,0.0,0.003137
275,4,0,0,122.3751,59.0,18.6,0.005483202,72.8184899999894,7.388305664,0.0,-0.008628387,-0.1302917,1.9552917,3363.38443,677.789185,668.500671,0.003276,0.003424
276,4,0,0,122.7807,60.0,18.6,0.00544561,73.019944429218,9.456481934,0.0,0.00690271,-0.148663759,1.973663759,3379.268034,797.575684,664.863525,0.002978,0.00312
277,4,0,0,122.9438,59.0,18.6,0.005421392,73.3050930679486,9.676208496,0.0,0.003834839,-0.156947374,1.981947374,3393.712555,874.171204,640.203979,0.003117,0.003262
278,4,0,0,123.0254,61.0,18.5,0.005415807,73.6478111619998,9.676208496,0.0,0.013038452,-0.151903868,1.976903868,3409.993916,693.237427,661.75592,0.00298,0.003159
279,4,0,0,123.6828,61.0,18.5,0.005435049,73.940862448707,9.500427246,0.0,0.013038452,-0.124372721,1.949372721,3423.563682,0.0,0.0,0.0,0.0
280,4,0,0,123.9311,60.0,18.5,0.005481036,74.2233982756674,7.827758789,0.0,-0.010162323,-0.058701277,1.883701277,3439.591803,738.392273,856.340271,0.0031,0.003154
281,4,0,0,124.2637,61.0,18.5,0.005533166,74.092810537883,0.0,31.5032959,-0.013997162,0.008562803,1.816437197,3452.949729,733.560913,856.838623,0.003277,0.00331
282,4,0,0,124.9344,60.0,18.7,0.005594836,73.5287004646122,0.0,47.17712402,0.003067871,0.04968667,1.77531333,3468.098741,740.326904,868.518005,0.003345,0.00347
283,4,0,0,125.4422,59.0,18.7,0.005643812,73.0251097507886,0.0,27.10876465,0.003834839,0.072559595,1.752440405,3481.876272,738.779175,865.627625,0.003304,0.003378
284,4,0,0,125.8685,60.0,18.7,0.005691071,72.679229046143,6.113891602,0.0,0.005368774,0.1085217,1.7164783,3496.834057,735.713928,855.592896,0.003407,0.003498
285,4,0,0,126.0398,61.0,18.7,0.005723509,72.851002755713,11.21429443,0.0,0.0,0.152567625,1.672432375,3510.015611,742.770691,848.452271,0.003376,0.003391
286,4,0,0,126.2977,60.0,18.6,0.00574827,72.944092131201,0.0,0.0,0.0,0.202705145,1.622294855,3525.868681,758.89801,813.086914,0.00336,0.003513
287,4,0,0,126.3839,60.0,18.6,0.005757356,72.5415206225946,4.221496582,0.0,-0.024734711,0.246194124,1.578805876,3539.333387,743.004089,888.092529,0.003374,0.003624
288,4,0,0,126.2116,61.0,18.8,0.005746775,72.5701353959042,6.465454102,0.0,-0.025501678,0.274170637,1.550829363,3554.918025,694.748901,657.127686,0.003244,0.003436
289,4,0,0,126.6432,60.0,18.8,0.00571737,72.6439358658882,6.377563477,0.0,-0.003259613,0.257446051,1.567553949,3569.372272,734.356323,862.238892,0.003086,0.003187
290,4,0,0,126.9906,58.0,18.8,0.005671316,72.4554901020278,4.221496582,0.0,0.00690271,0.216319799,1.608680201,3585.255408,738.292725,863.883789,0.003126,0.003179
291,4,0,0,127.4275,59.0,18.8,0.005633048,72.4705980226788,6.377563477,0.0,0.0,0.18856883,1.63643117,3599.900772,710.880676,662.41217,0.002984,0.003142
292,4,0,0,127.7792,59.0,18.7,0.005599577,72.5182628432496,0.263671875,0.0,0.005368774,0.168088198,1.656911802,3616.68456,674.351013,665.475098,0.003346,0.003368
293,4,0,0,127.7792,58.0,18.7,0.005578187,72.239895319543,5.806274414,0.0,0.00690271,0.155925989,1.669074011,3630.828991,681.525208,668.094788,0.003169,0.003213
294,4,0,0,127.8674,58.0,18.6,0.005559968,72.3309874719042,6.641235352,0.0,0.013038452,0.160928488,1.664071512,3646.983428,0.0,0.0,0.0,0.0
295,4,0,0,128.4885,58.0,18.6,0.005548396,72.4057161287332,6.509399414,0.0,0.013038452,0.191769361,1.633230639,3661.827238,678.4505,661.960022,0.003157,0.003247
296,4,0,0,128.9358,58.0,18.6,0.005538134,72.5056721717596,7.036743164,0.0,-0.001725677,0.256575346,1.568424654,3678.054213,667.805115,658.803406,0.003217,0.00327
297,4,0,0,128.8461,59.0,18.6,0.005527408,72.6189240829706,6.948852539,0.0,0.0,0.320215464,1.504784536,3692.258677,0.0,0.0,0.0,0.0
298,4,0,0,127.2524,59.0,18.8,0.005507471,72.7067620050112,6.377563477,0.0,-0.010929291,0.382446527,1.442553473,3709.096086,639.6651,666.251892,0.003337,0.003426
299,4,0,0,125.1032,59.0,18.8,0.005487714,72.501274505369,0.0,0.0,-0.010929291,0.423311472,1.401688528,3723.255442,617.294006,663.16272,0.003362,0.003572
300,4,0,0,123.6002,59.0,18.7,0.005479794,72.222928772126,5.58380127,0.0,-0.012463226,0.440252066,1.384747934,3739.485631,752.039612,673.557312,0.003142,0.003138
301,4,0,0,123.1891,59.0,18.7,0.00549907,72.2348313863924,6.157836914,0.0,-0.02856955,0.42666173,1.39833827,3754.431762,0.0,0.0,0.0,0.0
302,4,0,0,123.8482,60.0,18.7,0.005551374,72.28882094535,6.377563477,0.0,-0.02166684,0.359096289,1.465903711,3770.815334,664.9151,665.892883,0.00336,0.003442
303,4,0,0,124.8502,60.0,18.7,0.005611159,72.3709734554122,7.300415039,0.0,0.019941162,0.248483896,1.576516104,3785.90213,662.632507,660.617615,0.003124,0.003167
304,4,0,0,125.9541,61.0,18.6,0.005679642,72.5428966404814,7.827758789,0.0,0.023776001,0.141676188,1.683323812,3803.079661,709.398682,653.14032,0.0,0.003233
305,4,0,0,126.8166,61.0,18.6,0.005728678,72.7451230862014,8.885192871,0.0,0.025309937,0.094359159,1.730640841,3817.419448,0.0,0.0,0.0,0.0
306,4,0,0,127.2524,60.0,18.5,0.005756846,73.066931846396,9.808044434,0.0,0.009203613,0.105747461,1.719252539,3833.681462,0.0,0.0,0.0,0.0
307,4,0,0,127.2524,61.0,18.5,0.005746181,73.3986467058398,11.21429443,0.0,-0.008628387,0.15435195,1.67064805,3848.49456,692.706421,651.208313,0.003248,0.003358
308,4,0,0,127.7792,62.0,18.2,0.005694332,73.6062683995362,7.080688477,0.0,-0.007094452,0.197715998,1.627284002,3864.679919,679.872009,670.224304,0.003318,0.003429
309,4,0,0,128.3994,61.0,18.2,0.005629707,73.7229567988228,7.476196289,0.0,-0.02166684,0.218181849,1.606818151,3878.86754,698.797302,674.379395,0.003113,0.003148
310,4,0,0,128.4885,59.0,18.2,0.005559349,73.77148094258,3.782043457,0.0,-0.008628387,0.203860998,1.621139002,3895.664806,735.785217,861.423523,0.003251,0.003306
311,4,0,0,128.7565,58.0,18.2,0.005517389,73.5478872413998,8.355102539,0.0,-0.001725677,0.160632372,1.664367628,3909.776876,624.245422,641.655701,0.00331,0.003343
312,4,0,0,129.1156,58.0,17.9,0.005501102,73.8636659816418,9.236755371,0.0,-0.000959,0.098190546,1.726809454,3925.913665,684.023804,648.979126,0.003156,0.003242
313,4,0,0,129.2056,58.0,17.9,0.005513335,74.1046404099814,9.017028809,0.0,0.00690271,0.047940493,1.777059507,3940.672542,691.659973,660.575012,0.003254,0.003351
314,4,0,0,128.7565,58.0,17.9,0.005550037,74.4103149573136,9.632263184,0.0,0.003834839,0.011391878,1.813608122,3956.783235,737.207275,861.378906,0.003451,0.00346
315,4,0,0,127.7792,58.0,17.9,0.005593795,74.6532398413596,5.627746582,0.0,0.001533936,-0.010788679,1.835788679,3971.515128,738.396973,861.667786,0.003452,0.003376
316,4,0,0,127.5152,59.0,17.6,0.00564687,74.1500970712316,0.0,13.9251709,-0.013997162,-0.034918547,1.859918547,3988.250337,671.219299,674.719971,0.003482,0.003512
317,4,0,0,127.6911,59.0,17.6,0.005690141,73.5877243770512,0.0,23.59313965,0.02761084,-0.074031591,1.899031591,4002.325957,736.715576,862.398682,0.003218,0.003122
318,4,0,0,128.3104,59.0,17.3,0.005724807,73.1007766850244,0.0,25.0579834,0.018407227,-0.064431906,1.889431906,4016.41933,739.02478,862.23999,0.003206,0.003237
319,4,0,0,129.2056,59.0,17.3,0.005744799,72.6175926438018,0.0,23.59313965,-0.005560516,-0.002696753,1.827696753,4030.535529,752.58429,847.0979,0.00337,0.003337
320,4,0,0,129.3862,59.0,17.1,0.005749563,72.0673330977466,0.0,8.358764648,-0.003259613,0.073119879,1.751880121,4047.362964,0.0,0.0,0.0,0.0
321,4,0,0,129.658,59.0,17.1,0.005746059,71.591554595468,0.0,0.0,-0.020132904,0.128769159,1.696230841,4062.122758,689.078613,680.930298,0.003184,0.003255
322,4,0,0,130.1135,60.0,16.9,0.005742166,71.2515406754188,5.364074707,0.0,-0.016298065,0.143902063,1.681097937,4078.172303,662.328979,661.107483,0.003049,0.003109
323,4,0,0,130.4802,59.0,16.9,0.005742809,71.2623462508874,5.58380127,0.0,-0.000959,0.110385656,1.714614344,4092.268218,0.0,0.0,0.0,0.0
324,4,0,0,131.2198,60.0,16.7,0.005756257,71.2757487700338,5.58380127,0.0,-0.004793549,0.066637754,1.758362246,4109.008268,664.201294,664.773499,0.00307,0.003244
325,4,0,0,131.4994,61.0,16.7,0.00578411,71.2871850136616,5.58380127,0.0,0.001533936,0.026965857,1.798034143,4123.098764,689.974487,655.011414,0.002944,0.003094
326,4,0,0,131.5928,60.0,16.5,0.005823662,71.3004118411602,5.58380127,0.0,-0.010929291,-0.021929979,1.846929979,4139.249163,697.300781,678.236511,0.003183,0.00328
327,4,0,0,131.7801,61.0,16.5,0.00584537,71.3124319211532,5.627746582,0.0,-0.010929291,-0.077269316,1.902269316,4154.117713,0.0,0.0,0.0,0.0
328,4,0,0,132.1563,62.0,16.4,0.005842052,71.3663481263936,6.245727539,0.0,-0.005560516,-0.160462141,1.985462141,4170.421976,670.817871,669.902588,0.003273,0.003339
329,4,0,0,132.7246,63.0,16.4,0.005819437,71.4468796126474,6.597290039,0.0,0.003067871,-0.25264287,2.07764287,4184.73424,692.43573,672.876892,0.003351,0.003388
330,4,0,0,132.9151,62.0,16.3,0.005785193,71.5352039255162,6.465454102,0.0,0.032979614,-0.358085871,2.183085871,4201.801302,0.0,0.0,0.0,0.0
331,4,0,0,132.7246,62.0,16.3,0.005754333,71.6264586534042,7.080688477,0.0,0.039882324,-0.389801741,2.214801741,4216.131159,689.148987,700.534729,0.003118,0.003229
332,4,0,0,132.062,61.0,16.1,0.005716737,71.7945905070212,7.432250977,0.0,0.032979614,-0.331764936,2.156764936,4233.175272,669.601807,664.816223,0.003297,0.003413
333,4,0,0,130.6643,61.0,16.1,0.005680934,71.940376787392,7.168579102,0.0,-0.001725677,-0.189913034,2.014913034,4248.238761,670.638123,670.018494,0.00326,0.003284
334,4,0,0,130.8489,61.0,16.0,0.005643457,72.0968196988144,7.212524414,0.0,-0.02166684,0.016770601,1.808229399,4264.737797,641.654602,688.992798,0.004339,0.0
335,4,0,0,131.4994,60.0,16.0,0.005624878,71.9694683920502,0.0,0.0,-0.066917938,0.15540576,1.66959424,4279.234938,679.776672,686.494324,0.003319,0.003525
336,4,0,0,132.062,59.0,15.9,0.005622153,71.5446989993294,5.58380127,0.0,-0.016298065,0.168534517,1.656465483,4296.446657,612.052612,681.398926,0.003302,0.0
337,4,0,0,132.6295,59.0,15.9,0.005625432,71.6260412710752,6.773071289,0.0,-0.012463226,0.086158991,1.738841009,4310.790545,689.968323,668.877502,0.003252,0.003245
338,4,0,0,133.0106,59.0,15.8,0.005627422,71.7635970165378,7.212524414,0.0,0.00690271,-0.03939414,1.86439414,4327.057016,654.753296,658.554504,0.0033,0.003382
339,4,0,0,132.9151,58.0,15.8,0.00562659,71.9248962401574,8.709411621,0.0,0.019941162,-0.148162127,1.973162127,4341.850305,601.608093,659.327026,0.003276,0.0034
340,4,0,0,133.1062,57.0,15.8,0.00562476,72.2139512942436,8.841247559,0.0,0.003834839,-0.2248981,2.0498981,4357.861492,0.0,0.0,0.0,0.0
341,4,0,0,133.6827,57.0,15.8,0.005628773,72.4831721823404,9.060974121,0.0,0.06212439,-0.26221776,2.08721776,4371.765609,718.535217,826.178101,0.003221,0.003249
342,4,0,0,134.167,57.0,15.4,0.005644066,72.7657156536658,8.973083496,0.0,0.00690271,-0.215519667,2.040519667,4388.261045,736.766479,853.81842,0.00307,0.003211
343,4,0,0,133.7793,58.0,15.4,0.005663563,73.0084467088022,5.58380127,0.0,-0.001725677,-0.094828367,1.919828367,4402.117987,655.781616,669.018494,0.003158,0.003193
344,4,0,0,132.9151,59.0,15.1,0.00568342,72.605771848381,0.0,0.0,-0.010162323,0.032751799,1.792248201,4418.61755,689.928894,669.657471,0.003189,0.003152
345,4,0,0,132.9151,59.0,15.1,0.005691596,72.4774350783612,6.465454102,0.0,-0.017832001,0.129988909,1.695011091,4433.140002,665.24823,667.199402,0.003318,0.003379
346,4,0,0,132.9151,59.0,14.8,0.005687707,72.5940203833274,7.212524414,0.0,-0.023200775,0.199527979,1.625472021,4448.985719,692.032898,669.962219,0.003224,0.003364
347,4,0,0,132.3452,59.0,14.8,0.005671853,72.7371667506424,7.739868164,0.0,-0.003259613,0.220213652,1.604786348,4462.858794,675.901001,691.443115,0.003177,0.0
348,4,0,0,132.1563,60.0,14.8,0.005637378,72.9288446968654,7.739868164,0.0,0.003067871,0.235249758,1.589750242,4479.395347,695.156799,667.564392,0.003184,0.003301
349,4,0,0,132.3452,59.0,14.8,0.005599235,73.0954209624384,7.959594727,0.0,0.003067871,0.256430864,1.568569136,4493.304406,752.057922,946.833008,0.003355,0.003329
350,4,0,0,133.0106,58.0,14.5,0.005569994,73.2650293855054,6.948852539,0.0,-0.013997162,0.281491995,1.543508005,4509.226365,742.169189,865.147095,0.003087,0.003275
351,4,0,0,133.876,57.0,14.5,0.005573798,73.32285488682,5.58380127,0.0,-0.010929291,0.278356314,1.546643686,4523.856113,0.0,0.0,0.0,0.0
352,4,0,0,134.3616,58.0,14.6,0.005613357,73.3103110793108,5.627746582,0.0,-0.008628387,0.240573168,1.584426832,4539.85244,698.294495,665.866272,0.002939,0.003037
353,4,0,0,134.5569,58.0,14.6,0.005663831,73.3675886003554,7.520141602,0.0,-0.010929291,0.179712057,1.645287943,4553.871107,705.78833,674.850098,0.002996,0.003208
354,4,0,0,134.167,58.0,14.3,0.005708018,73.5307286192538,7.388305664,0.0,0.001533936,0.08557725,1.73942275,4570.468344,696.124512,691.554504,0.003037,0.003219
355,4,0,0,135.2448,59.0,14.3,0.005711123,73.6680565143592,7.827758789,0.0,-0.005560516,-0.004630327,1.829630327,4584.388084,699.795715,672.380676,0.00309,0.003183
356,4,0,0,135.9398,60.0,14.4,0.005667182,73.8561504604022,8.179321289,0.0,0.010737549,-0.107130289,1.932130289,4600.989876,671.243286,670.109619,0.003233,0.003275
357,4,0,0,136.6419,60.0,14.4,0.005601565,74.026052539739,8.267211914,0.0,0.032979614,-0.179782629,2.004782629,4615.638301,697.135193,848.335022,0.003223,0.0
358,4,0,0,136.6419,60.0,14.1,0.00551695,74.2227364024056,8.355102539,0.0,0.02761084,-0.191468,2.016468,4631.683048,731.908997,868.337402,0.003157,0.003135
359,4,0,0,137.1479,59.0,14.1,0.005447263,74.393913706665,5.58380127,0.0,0.029144775,-0.130705595,1.955705595,4645.780882,698.779419,681.027283,0.003428,0.00341
360,4,0,0,137.5554,60.0,14.2,0.005386711,73.9032943537084,0.0,1.473999023,-0.004793549,0.014101267,1.810898733,4662.633611,699.572998,684.911011,0.003453,0.0
361,4,0,0,138.0682,59.0,14.2,0.005354981,73.432782706261,0.0,0.0,-0.030870453,0.157972574,1.667027426,4676.812592,673.309875,669.178772,0.003202,0.003267
362,4,0,0,138.4811,58.0,14.3,0.005339378,73.0254182290798,5.58380127,0.0,-0.041608002,0.261804819,1.563195181,4692.927127,0.0,0.0,0.0,0.0
363,4,0,0,138.8966,60.0,14.3,0.005336016,73.0237380298396,5.627746582,0.0,-0.004793549,0.256797552,1.568202448,4707.700271,680.294617,673.908997,0.003244,0.003305
364,4,0,0,139.1053,60.0,14.7,0.005328347,73.0571877594046,6.421508789,0.0,0.021475098,0.191105127,1.633894873,4723.850236,690.412292,673.900513,0.003346,0.00333
365,4,0,0,139.4195,59.0,14.7,0.005309484,73.016964253406,0.0,0.0,0.019941162,0.161610365,1.663389635,4738.017792,691.694092,672.038513,0.003243,0.003312
366,4,0,0,139.7351,60.0,14.7,0.005282388,72.5283418499884,0.0,14.36462402,0.001533936,0.17890048,1.64609952,4752.897186,688.889709,669.849426,0.003168,0.003288
367,4,0,0,139.8406,60.0,14.7,0.005251692,71.9973056771124,0.0,16.2689209,-0.013997162,0.212862253,1.612137747,4769.170929,692.46167,671.747925,0.00304,0.003137
368,4,0,0,139.1053,59.0,14.7,0.005232143,71.5040464593802,0.0,0.0,-0.010162323,0.228705645,1.596294355,4784.10593,690.452698,667.022522,0.003055,0.003107
369,4,0,0,138.5848,59.0,14.7,0.005223061,71.2709624319398,5.40802002,0.0,-0.001725677,0.215557337,1.609442663,4801.076248,699.988098,679.901611,0.003206,0.003362
370,4,0,0,138.5848,59.0,14.7,0.005228711,71.1828512278738,3.562316895,0.0,-0.005560516,0.192130804,1.632869196,4812.627759,687.781128,668.245483,0.003109,0.003134
371,4,0,0,139.1053,59.0,14.7,0.005255994,71.1600178153934,5.58380127,0.0,-0.003259613,0.155096292,1.669903708,4829.650226,0.0,0.0,0.0,0.0
372,4,0,0,139.1053,58.0,14.8,0.005293505,71.2117536224282,6.553344727,0.0,0.005368774,0.109468699,1.715531301,4843.981253,715.029785,655.393799,0.003069,0.003199
373,4,0,0,139.2098,60.0,14.8,0.00533496,71.3073969561226,6.465454102,0.0,0.012271484,0.066352606,1.758647394,4861.089066,694.912903,661.496216,0.003126,0.0
374,4,0,0,139.4195,60.0,15.1,0.00535872,71.385074020392,6.333618164,0.0,0.018407227,0.049981833,1.775018167,4876.187032,696.532593,680.915771,0.003057,0.003228
375,4,0,0,140.0521,59.0,15.1,0.005373671,71.4719437313018,6.465454102,0.0,0.018407227,0.073406458,1.751593542,4892.702749,690.764099,670.188293,0.00305,0.003159
376,4,0,0,140.5837,59.0,15.1,0.005380175,71.5491182791562,5.671691895,0.0,0.001533936,0.131501913,1.693498087,4907.109072,745.560974,853.514709,0.003145,0.003149
377,4,0,0,140.9046,60.0,15.1,0.005382401,71.518984224513,5.715637207,0.0,-0.001725677,0.213060617,1.611939383,4924.124059,0.0,0.0,0.0,0.0
378,4,0,0,141.227,60.0,15.4,0.005387876,71.5528792906428,5.982055664,0.0,-0.019365936,0.281548738,1.543451262,4938.328583,0.0,0.0,0.0,0.0
379,4,0,0,141.227,60.0,15.4,0.005412295,71.6239395535022,6.553344727,0.0,-0.016298065,0.323252916,1.501747084,4954.555725,695.774414,666.587097,0.003116,0.00324
380,4,0,0,142.0939,60.0,15.3,0.005455727,71.7150452404128,6.685180664,0.0,-0.019365936,0.31915164,1.50584836,4969.437678,696.766479,674.462585,0.002982,0.003068
381,4,0,0,142.3123,60.0,15.3,0.005530861,71.8434612221474,7.256469727,0.0,-0.000959,0.26835084,1.55664916,4985.629483,703.704895,673.316711,0.003035,0.003105
382,4,0,0,142.3123,60.0,15.6,0.005612375,71.9899572214582,7.520141602,0.0,0.0,0.215621233,1.609378767,4999.689487,0.0,0.0,0.0,0.0
383,4,0,0,141.5508,60.0,15.6,0.005705179,72.1868871361174,7.739868164,0.0,0.001533936,0.151061773,1.673938227,5016.295914,691.874207,667.476196,0.003077,0.003121
384,4,0,0,140.9046,60.0,15.5,0.005765434,71.91649048031,0.0,25.49743652,0.001533936,0.099774122,1.725225878,5030.159796,686.715698,670.445374,0.003238,0.0
385,4,0,0,139.7351,60.0,15.5,0.005791633,71.371414103406,0.0,14.80407715,0.003067871,0.045550108,1.779449892,5046.644024,684.971008,651.533386,0.0033,0.003376
386,4,0,0,135.5418,62.0,15.8,0.005778306,70.8841928235792,0.0,21.68884277,-0.003259613,0.001351118,1.823648882,5061.138543,692.688904,674.96167,0.003267,0.003332
387,4,0,0,132.1563,64.0,15.8,0.005738259,70.3644604939292,0.0,21.39587402,0.010737549,-0.058352709,1.883352709,5076.964023,690.869385,678.32019,0.00332,0.003344
388,4,0,0,131.5928,61.0,15.7,0.005695466,69.884563706684,0.0,74.71618652,0.010737549,-0.114918947,1.939918947,5090.830134,689.366089,686.656494,0.003349,0.003311
389,4,0,0,132.7246,59.0,15.7,0.005648751,69.3555121397092,0.0,16.2689209,-0.024734711,-0.147659063,1.972659063,5107.35796,682.192017,681.523376,0.003167,0.003254
390,4,0,0,134.2642,58.0,15.9,0.005614876,68.8986037443864,0.0,16.8548584,-0.057714325,-0.200186968,2.025186968,5121.259173,721.888489,851.438171,0.003159,0.003248
391,4,0,0,135.5418,57.0,15.9,0.005584923,68.3761386749494,0.0,0.0,-0.048510712,-0.390950441,2.215950441,5137.153418,731.208496,855.51001,0.003154,0.003165
392,4,0,0,136.6419,56.0,15.8,0.005564238,68.5994275993204,13.89770508,0.0,-0.02856955,-0.695395231,2.520395231,5151.724622,708.64801,683.948975,0.003257,0.003307
393,4,0,0,137.4533,57.0,15.8,0.005552332,69.5181489662698,15.92193604,0.0,0.016106323,-1.110937834,2.935937834,5167.632753,686.07019,675.137329,0.003235,0.003338
394,4,0,0,137.9653,57.0,15.8,0.005565411,70.239581294339,12.5793457,0.0,0.046785034,-1.472323179,3.297323179,5181.570969,726.654175,867.033813,0.003185,0.003202
395,4,0,0,139.0009,57.0,15.8,0.005613543,70.9558563314442,11.56585693,0.0,0.049085938,-1.774488211,3.599488211,5198.192227,0.0,0.0,0.0,0.0
396,4,0,0,139.5245,57.0,15.7,0.005669699,71.3599831062266,9.720153809,0.0,0.03451355,1.667320967,3.807679033,5212.18603,714.921204,687.786194,0.003172,0.003184
397,4,0,0,139.9463,57.0,15.7,0.005719737,71.2961710371394,0.0,0.0,-0.052345551,1.559151649,3.915848351,5228.887925,703.363586,707.262573,0.00333,0.003361
398,4,0,0,139.1053,58.0,15.3,0.005733185,70.807112309461,0.0,0.0,-0.066917938,1.415335894,4.059664106,5242.86404,679.940613,687.566895,0.003165,0.003278
399,4,0,0,137.9653,59.0,15.3,0.005712132,70.2682229275332,0.0,0.0,-0.046976776,1.079781294,4.395218706,5259.371466,715.567078,691.608826,0.003223,0.003288
400,4,0,0,138.0682,59.0,15.3,0.005674066,69.8771986265476,5.58380127,0.0,0.071328003,0.640005112,4.834994888,5273.128692,690.012512,686.683716,0.003304,0.003396
401,4,0,0,138.4811,58.0,15.3,0.005624238,70.132249098917,11.21429443,0.0,0.095104004,0.276015759,5.198984241,5289.37768,700.448486,673.533203,0.003267,0.00333
402,4,0,0,138.5848,58.0,15.0,0.005579365,70.5711657328692,10.99456787,0.0,0.051386841,0.158543468,5.316456532,5302.919742,755.23938,852.315796,0.003216,0.003273
403,4,0,0,139.1053,58.0,15.0,0.005529182,71.0746697998272,11.0824585,0.0,0.008436646,0.207597971,5.267402029,5318.277339,731.261292,876.397278,0.003179,0.003242
404,4,0,0,139.8406,58.0,14.7,0.005496542,71.5836668499798,12.40356445,0.0,-0.033938324,0.300312519,5.174687481,5332.242826,675.680603,683.539124,0.003289,0.0
405,4,0,0,139.9463,58.0,14.7,0.00547944,71.9514836795888,10.59906006,0.0,-0.069218842,0.319039345,5.155960655,5347.452627,0.0,0.0,0.0,0.0
406,4,0,0,139.7351,58.0,14.4,0.005474236,72.4130921041014,11.21429443,0.0,-0.023200775,0.1191113,5.3558887,5360.928671,704.54718,704.428406,0.00311,0.0
407,4,0,0,140.1581,57.0,14.4,0.005464022,72.3424950414808,0.0,0.0,0.014572388,-0.191285014,5.666285014,5377.175718,706.035522,692.313293,0.003176,0.003336
408,4,0,0,140.6905,57.0,14.2,0.005443262,72.3425904914362,9.368591309,0.0,0.092803101,-0.424795985,5.899795985,5390.967422,684.882385,685.581482,0.00295,0.003152
409,4,0,0,140.7975,59.0,14.2,0.005406083,72.6865293503444,9.412536621,0.0,0.070561035,-0.489788294,5.964788294,5407.490478,718.180115,682.061401,0.002892,0.00302
410,4,0,0,140.1581,58.0,13.7,0.005369406,72.9634170215474,9.104919434,0.0,0.037581421,-0.32742393,5.80242393,5421.332012,759.468384,540.106689,0.006123,0.0
411,4,0,0,139.7351,59.0,13.7,0.005335199,73.2540152395728,9.148864746,0.0,-0.054646454,-0.025634646,5.500634646,5437.676854,711.668518,686.301208,0.003015,0.003082
412,4,0,0,139.6297,59.0,13.5,0.005315761,73.5358332847998,9.588317871,0.0,-0.092227875,0.185130954,5.289869046,5451.294908,821.87738,711.803284,0.003048,0.003001
413,4,0,0,138.5848,59.0,13.5,0.005298242,73.8311576676966,6.509399414,0.0,-0.060015228,0.185842395,5.289157605,5467.485308,733.574585,872.34668,0.003147,0.003182
414,4,0,0,136.4405,59.0,13.1,0.005278155,73.5405467841654,3.342590332,0.0,-0.032404388,-0.007517219,5.482517219,5481.175164,738.82312,871.461609,0.003221,0.003185
415,4,0,0,135.0475,60.0,13.1,0.005247346,73.0056721261752,0.0,2.499389648,0.118113037,-0.322935343,5.797935343,5496.931366,692.226807,716.342529,0.003249,0.0
416,4,0,0,135.5418,60.0,13.0,0.005220013,72.7006171908364,6.245727539,0.0,0.12731665,-0.43014884,5.90514884,5511.488124,702.667786,688.602417,0.003241,0.003144
417,4,0,0,136.3401,60.0,13.0,0.005199681,72.897141648376,8.885192871,0.0,-0.020132904,-0.174746752,5.649746752,5527.46858,720.161987,682.535706,0.003173,0.003219
418,4,0,0,136.945,59.0,12.9,0.00519693,73.131942262234,9.060974121,0.0,-0.134411102,0.152644992,5.322355008,5541.541325,728.736572,876.025879,0.003137,0.003221
419,4,0,0,137.9653,60.0,12.9,0.00520548,73.4084583690178,9.148864746,0.0,-0.116770844,0.166337848,5.308662152,5558.289445,682.422424,703.151672,0.003305,0.0
420,4,0,0,138.5848,60.0,12.8,0.005209953,73.7445167244678,11.17034912,0.0,0.152626587,-0.136832833,5.611832833,5572.367172,696.758911,701.367981,0.003218,0.0
421,4,0,0,139.6297,59.0,12.8,0.005199747,74.1979952461024,11.21429443,0.0,0.063658325,-0.36785996,5.84285996,5589.206865,689.497375,684.713318,0.003131,0.003189
422,4,0,0,140.1581,61.0,12.7,0.005179931,74.5831566731878,11.21429443,0.0,0.016106323,-0.275482655,5.750482655,5603.410658,707.242126,671.790527,0.003095,0.003172
423,4,0,0,139.9463,63.0,12.7,0.005156306,75.0353643794914,11.21429443,0.0,-0.016298065,-0.083341718,5.558341718,5620.392594,686.568726,686.74762,0.002995,0.003138
424,4,0,0,139.5245,62.0,12.9,0.005140084,75.3589251798638,6.333618164,0.0,-0.039307098,0.068571091,5.406428909,5634.723467,739.13739,850.349792,0.003141,0.003113
425,4,0,0,139.8406,61.0,12.9,0.005124922,74.9339039093396,0.0,0.0,-0.039307098,0.173596263,5.301403737,5651.770017,696.888184,672.533508,0.003004,0.003105
426,4,0,0,140.3706,60.0,12.9,0.005115505,74.6772498905942,6.333618164,0.0,0.0,0.155052423,5.319947577,5665.991045,692.760925,675.35321,0.003057,0.00314
427,4,0,0,141.4427,59.0,12.9,0.005113939,74.7173123177522,6.377563477,0.0,-0.003259613,0.089799404,5.385200596,5682.15325,0.0,0.0,0.0,0.0
428,4,0,0,142.0939,59.0,13.1,0.005121806,74.8010605849848,7.783813477,0.0,0.0,0.02571547,5.44928453,5696.991494,684.183716,693.651611,0.003024,0.0
429,4,0,0,142.6411,60.0,13.1,0.005142322,74.9852165726082,8.530883789,0.0,0.0,-0.051311135,5.526311135,5713.244229,713.781982,660.741821,0.003108,0.003399
430,4,0,0,142.8612,60.0,13.6,0.005170726,75.182496261223,8.929138184,0.0,-0.000959,-0.115222335,5.590222335,5727.520445,747.319702,887.747375,0.003152,0.0
431,4,0,0,143.3034,58.0,13.6,0.005208794,75.414913120673,5.627746582,0.0,0.001533936,-0.194134235,5.669134235,5744.6112,745.02948,878.13031,0.003177,0.003199
432,4,0,0,143.4144,58.0,13.7,0.005234989,74.9584815084186,0.0,0.0,0.018407227,-0.260487556,5.735487556,5759.058954,698.347595,676.134705,0.003128,0.003254
433,4,0,0,143.5256,58.0,13.7,0.005245261,74.3710592118306,0.0,0.0,0.026843872,-0.297251463,5.772251463,5775.669249,686.403625,675.552185,0.003224,0.00322
434,4,0,0,143.3034,59.0,14.1,0.005235252,73.88702914057,2.592773438,0.0,0.021475098,-0.253018141,5.728018141,5790.986179,688.620728,680.307617,0.003199,0.003214
435,4,0,0,143.6369,59.0,14.1,0.005205987,73.7532960765028,3.913879395,0.0,-0.000959,-0.12522018,5.60022018,5808.382403,738.97168,861.859314,0.003044,0.003108
436,4,0,0,143.7484,59.0,14.2,0.005174042,73.5303791832596,3.562316895,0.0,-0.008628387,-0.001357317,5.476357317,5822.907732,687.464905,677.204529,0.003095,0.003128
437,4,0,0,144.0839,60.0,14.2,0.005147416,73.4574251939288,5.58380127,0.0,-0.027035614,0.120329618,5.354670382,5840.200263,0.0,0.0,0.0,0.0
438,4,0,0,144.6466,60.0,14.6,0.005145912,73.4418872415364,5.58380127,0.0,-0.007094452,0.180484414,5.294515586,5854.741474,696.962585,662.448486,0.003196,0.003283
439,4,0,0,144.8729,59.0,14.6,0.005172936,73.4253260385852,5.58380127,0.0,0.003067871,0.220081806,5.254918194,5871.399362,666.591309,667.670898,0.003022,0.0
440,4,0,0,145.1,60.0,14.6,0.005211149,73.4114515322036,5.58380127,0.0,0.003067871,0.253365278,5.221634722,5886.71642,684.122986,643.78949,0.003171,0.003372
441,4,0,0,144.8729,60.0,14.6,0.005256263,73.3959397798664,5.58380127,0.0,0.001533936,0.299690962,5.175309038,5903.456567,728.706909,855.890808,0.003237,0.003112
442,4,0,0,144.421,60.0,15.0,0.005296584,73.3821000513222,5.58380127,0.0,-0.000959,0.347453117,5.127546883,5918.012544,731.566895,864.691284,0.003229,0.003112
443,4,0,0,144.0839,60.0,15.0,0.00535064,73.36716484504,5.58380127,0.0,-0.013997162,0.398973465,5.076026535,5935.204191,0.0,0.0,0.0,0.0
444,4,0,0,143.5256,61.0,15.3,0.005402223,73.3542474936234,5.58380127,0.0,-0.017832001,0.423748255,5.051251745,5949.56006,687.593872,684.155396,0.00306,0.0
445,4,0,0,142.8612,61.0,15.3,0.005453896,73.3398361918848,5.58380127,0.0,-0.015531097,0.407838583,5.067161417,5965.931299,692.863892,673.954102,0.003018,0.003113
446,4,0,0,141.9849,60.0,15.5,0.005484363,73.327185298892,5.715637207,0.0,-0.005560516,0.355443716,5.119556284,5980.899028,695.469116,675.157288,0.002867,0.002989
447,4,0,0,141.5508,60.0,15.5,0.005505634,73.3213454224604,5.58380127,0.0,0.001533936,0.271337032,5.203662968,5997.900097,741.505676,866.675476,0.002897,0.002915
448,4,0,0,141.7676,60.0,15.8,0.005525702,73.3064903774036,5.364074707,0.0,0.001533936,0.196420908,5.278579092,6012.177761,706.814514,670.019409,0.002997,0.003107
449,4,0,0,142.203,60.0,15.8,0.005559146,73.270084869621,5.495910645,0.0,0.00690271,0.110624671,5.364375329,6029.17114,691.081604,694.380005,0.002856,0.0
450,4,0,0,142.7511,62.0,15.7,0.005585938,73.0489056129626,0.131835938,0.0,0.001533936,0.050547719,5.424452281,6043.442394,688.304626,685.11731,0.002855,0.0
451,4,0,0,143.1926,61.0,15.7,0.005596586,72.6219362363684,3.913879395,0.0,0.0,-0.008823514,5.483823514,6059.748918,686.298279,664.705688,0.003141,0.003115
452,4,0,0,143.7484,60.0,15.9,0.005593727,72.5468260211188,5.58380127,0.0,0.001533936,-0.056433201,5.531433201,6074.693441,693.763306,651.179504,0.003147,0.003233
453,4,0,0,143.082,60.0,15.9,0.00559639,72.54589047959,5.58380127,0.0,0.013038452,-0.109250069,5.584250069,6090.993232,759.957703,881.535889,0.003174,0.003276
454,4,0,0,141.227,61.0,15.8,0.005612003,72.5395508548082,5.58380127,0.0,0.00690271,-0.141161919,5.616161919,6105.252685,693.391174,666.458923,0.003111,0.003227
455,4,0,0,139.9463,61.0,15.8,0.005642524,72.5538065172754,5.982055664,0.0,0.012271484,-0.153498173,5.628498173,6122.225671,691.782104,669.0271,0.003054,0.003059
456,4,0,0,137.9653,60.0,16.0,0.005675006,72.584600497879,6.245727539,0.0,0.013038452,-0.145260453,5.620260453,6136.480736,0.0,0.0,0.003062,0.003397
457,4,0,0,137.8626,61.0,16.0,0.005704151,72.6430155487158,6.465454102,0.0,0.010737549,-0.11101687,5.58601687,6151.408929,693.557922,656.301514,0.003018,0.003135
458,4,0,0,138.6886,63.0,15.9,0.005719328,72.7138819021986,6.377563477,0.0,0.00690271,-0.040827394,5.515827394,6167.67242,0.0,0.0,0.0,0.0
459,4,0,0,140.1581,61.0,15.9,0.005711108,72.7741078789638,6.553344727,0.0,-0.000959,0.042662382,5.432337618,6181.819301,701.490479,669.852295,0.003094,0.0032
460,4,0,0,141.4427,59.0,16.1,0.005684729,72.8809399880742,7.168579102,0.0,-0.000959,0.141483307,5.333516693,6198.615274,693.679871,637.466187,0.002857,0.002981
461,4,0,0,142.3123,59.0,16.1,0.005658792,73.0059556275096,7.300415039,0.0,-0.005560516,0.228499651,5.246500349,6213.392493,696.561584,672.046997,0.003023,0.0
462,4,0,0,142.6411,59.0,16.0,0.005636524,73.1473668527168,7.388305664,0.0,-0.015531097,0.306358099,5.168641901,6229.511911,692.306885,682.324402,0.00284,0.003039
463,4,0,0,143.1926,59.0,16.0,0.00562507,73.2695403011518,7.168579102,0.0,-0.010929291,0.346917152,5.128082848,6243.619064,0.0,0.0,0.0,0.0
464,4,0,0,143.7484,59.0,15.9,0.005617253,73.2792967639678,5.850219727,0.0,-0.013997162,0.361402988,5.113597012,6260.423131,694.015686,663.971497,0.002998,0.003021
465,4,0,0,144.0839,58.0,15.9,0.005610483,73.3023102776876,6.245727539,0.0,-0.003259613,0.351779938,5.123220062,6274.552298,717.453003,663.541321,0.002968,0.003077
466,4,0,0,144.421,58.0,15.8,0.005598994,73.356841170341,6.465454102,0.0,-0.003259613,0.324364662,5.150635338,6290.715396,724.461609,655.924805,0.002973,0.003184
467,4,0,0,144.8729,58.0,15.8,0.00558951,73.4188746129536,6.597290039,0.0,-0.000959,0.290771723,5.184228277,6305.5501,711.429199,672.321472,0.003053,0.003208
468,4,0,0,145.5562,59.0,15.8,0.005582226,73.5013950020464,6.904907227,0.0,0.010737549,0.250657558,5.224342442,6321.763428,725.040527,673.571716,0.003048,0.003166
469,4,0,0,145.9002,57.0,15.8,0.0055693,73.6011347819636,7.212524414,0.0,0.014572388,0.231276512,5.243723488,6336.65597,696.638794,651.67749,0.003063,0.003208
470,4,0,0,146.4772,56.0,15.7,0.005533816,73.7255983694988,7.124633789,0.0,0.042183228,0.249477386,5.225522614,6352.933559,694.369995,676.756104,0.003105,0.003152
471,4,0,0,146.9421,56.0,15.7,0.005487188,73.8117743744016,5.982055664,0.0,0.06212439,0.340943813,5.134056187,6367.182133,719.687073,804.414978,0.003031,0.003146
472,4,0,0,147.1757,55.0,15.3,0.00543669,73.7915850914478,5.58380127,0.0,0.085900391,0.616633654,4.858366346,6384.151312,673.800293,711.817322,0.003036,0.003266
473,4,0,0,147.1757,55.0,15.3,0.00541374,73.7528946266398,5.23223877,0.0,0.063658325,1.047691345,4.427308655,6398.417049,699.415588,702.477783,0.003097,0.003257
474,4,0,0,146.5932,57.0,15.0,0.005420966,73.7204300545558,5.364074707,0.0,-0.078422455,1.757683039,3.717316961,6415.417995,676.067078,687.236511,0.003239,0.003327
475,4,0,0,146.1305,57.0,15.0,0.005452349,73.5778406637214,3.694152832,0.0,-0.134411102,-1.247411966,3.072411966,6429.717808,682.350891,700.477722,0.003123,0.003146
476,4,0,0,146.1305,56.0,14.7,0.005501499,73.5136668310956,5.627746582,0.0,-0.068451874,-0.950560331,2.775560331,6446.770796,686.995728,688.666809,0.003028,0.003172
477,4,0,0,146.9421,56.0,14.7,0.005539196,73.4988658598628,5.627746582,0.0,0.054454712,-0.912389517,2.737389517,6461.117211,715.359619,680.49823,0.003264,0.003334
478,4,0,0,147.1757,56.0,14.4,0.005560613,73.4781983293412,5.58380127,0.0,0.124248779,-0.826049566,2.651049566,6477.511295,670.779602,695.511902,0.003037,0.003243
479,4,0,0,147.5274,57.0,14.4,0.005557384,73.4584019023748,5.627746582,0.0,-0.041608002,-0.462180376,2.287180376,6492.522594,683.911316,690.150513,0.003258,0.003375
480,4,0,0,147.5274,56.0,13.9,0.005542008,73.438508657514,5.627746582,0.0,-0.134411102,-0.02168107,1.84668107,6508.883159,706.111328,698.297424,0.003387,0.003521
481,4,0,0,147.2928,56.0,13.9,0.005536039,73.414971738146,5.627746582,0.0,-0.076121552,0.062872648,1.762127352,6523.86144,735.256226,867.401428,0.003047,0.003138
482,4,0,0,147.6451,59.0,13.7,0.005546943,73.4587599000578,5.58380127,0.0,-0.013997162,-0.143737555,1.968737555,6540.195894,693.400024,693.812378,0.003259,0.003387
483,4,0,0,147.5274,59.0,13.7,0.005565119,73.4457941718808,5.671691895,0.0,0.136520264,-0.400948286,2.225948286,6554.485382,702.051514,694.201782,0.003135,0.003274
484,4,0,0,147.41,59.0,13.2,0.005577821,73.4257909769112,5.58380127,0.0,0.055988647,-0.422453165,2.247453165,6571.48503,651.652588,678.796997,0.003154,0.003166
485,4,0,0,147.6451,59.0,13.2,0.005574259,73.4166214082064,5.671691895,0.0,-0.020132904,-0.184316397,2.009316397,6585.760365,728.271729,880.299072,0.00309,0.003155
486,4,0,0,148.4737,60.0,13.1,0.005567771,73.4073495981314,5.671691895,0.0,-0.083791229,0.084429979,1.740570021,6602.754949,684.332581,661.869812,0.003054,0.003183
487,4,0,0,148.5928,60.0,13.1,0.005580375,73.398163791186,5.75958252,0.0,-0.023200775,0.139919043,1.685080957,6617.031216,737.199097,856.757202,0.003186,0.00309
488,4,0,0,149.5528,59.0,12.7,0.005626163,73.3983673244158,5.75958252,0.0,0.058289551,0.067239523,1.757760477,6634.030006,739.393677,870.485291,0.003229,0.00306
489,4,0,0,150.0375,60.0,12.7,0.005686045,73.3930211291226,3.518371582,0.0,0.023776001,0.095072031,1.729927969,6648.305502,733.57251,878.039429,0.003209,0.003125
490,4,0,0,150.4031,60.0,12.6,0.00574996,72.8579762995208,0.0,1.034545898,-0.032404388,0.238617182,1.586382818,6663.256881,672.068909,669.656799,0.003189,0.003259
491,4,0,0,150.4031,59.0,12.6,0.005804042,72.3761498814288,0.0,0.0,-0.032404388,0.305486441,1.519513559,6677.528939,695.056885,675.479492,0.003225,0.003238
492,4,0,0,150.0375,60.0,12.6,0.005842756,72.137409329663,3.65020752,0.0,-0.023200775,0.284497976,1.540502024,6693.83882,741.48877,864.320496,0.00317,0.003088
493,4,0,0,149.7948,60.0,12.6,0.005852557,72.0229168104328,4.441223145,0.0,0.00690271,0.203758001,1.621241999,6708.789598,709.323181,694.761719,0.003272,0.0
494,4,0,0,149.5528,59.0,12.8,0.005832864,71.9981410372262,5.58380127,0.0,0.026843872,0.122946978,1.702053022,6725.04345,738.720093,860.152222,0.003009,0.002999
495,4,0,0,148.9514,60.0,12.8,0.0057911,72.00054952719,5.58380127,0.0,0.032212646,0.110679388,1.714320612,6739.156691,0.0,0.0,0.0,0.0
496,4,0,0,147.41,60.0,13.0,0.005733207,72.002917268665,5.451965332,0.0,0.017640259,0.177021742,1.647978258,6755.868293,703.111328,674.642822,0.003005,0.003052
497,4,0,0,145.4419,60.0,13.0,0.005687414,71.9144172319616,3.430480957,0.0,-0.040074066,0.28576684,1.53923316,6769.874929,684.044922,641.75769,0.00308,0.003145
498,4,0,0,144.421,61.0,13.2,0.005641812,71.7219861146186,3.65020752,0.0,-0.043141937,0.357650995,1.467349005,6785.874064,694.537781,669.156006,0.003015,0.003007
499,4,0,0,144.6466,61.0,13.2,0.005606289,71.5828619385788,3.782043457,0.0,-0.023200775,0.317474604,1.507525396,6800.540216,683.490112,675.310974,0.003124,0.003192
500,4,0,0,145.6707,60.0,13.7,0.005574608,71.4245744499286,3.82598877,0.0,0.026843872,0.193181276,1.631818724,6817.204442,721.442871,625.82489,0.0,0.003344
501,4,0,0,146.2459,60.0,13.7,0.005557654,71.289786769266,3.738098145,0.0,0.03451355,0.103416204,1.721583796,6831.1763,683.577698,669.211792,0.003087,0.003089
502,4,0,0,146.3615,60.0,14.1,0.005545944,71.1507611813946,4.309387207,0.0,0.02761084,0.097964048,1.727035952,6847.76579,748.229675,883.545715,0.002946,0.002936
503,4,0,0,147.0588,60.0,14.1,0.005537508,71.1522881070932,5.58380127,0.0,0.014572388,0.161967516,1.663032484,6861.667781,746.520386,864.659424,0.003033,0.003105
504,4,0,0,147.7629,60.0,14.5,0.005530111,71.1537424032776,5.58380127,0.0,-0.020132904,0.278725386,1.546274614,6877.520788,667.133484,662.73407,0.003155,0.003244
505,4,0,0,147.7629,61.0,14.5,0.005527545,71.1538201987732,5.23223877,0.0,-0.032404388,0.357940435,1.467059565,6892.02223,681.958679,668.091492,0.003118,0.003103
506,4,0,0,148.4737,61.0,14.9,0.005527811,71.155832388762,5.40802002,0.0,-0.036239227,0.36093688,1.46406312,6907.832474,0.0,0.0,0.0,0.0
507,4,0,0,148.236,59.0,14.9,0.005529214,71.1661315532128,5.58380127,0.0,-0.007094452,0.282613516,1.542386484,6921.667163,683.240417,653.354126,0.003105,0.003163
508,4,0,0,148.3547,59.0,15.2,0.005536802,71.179330201168,5.58380127,0.0,0.049085938,0.157809019,1.667190981,6938.137358,685.627075,635.854675,0.00314,0.003207
509,4,0,0,147.9991,60.0,15.2,0.0055607,71.1903635787136,5.58380127,0.0,0.049085938,0.133280516,1.691719484,6951.972791,676.932678,667.96991,0.003121,0.003257
510,4,0,0,148.4737,59.0,15.4,0.005618429,71.202142112866,5.58380127,0.0,0.005368774,0.22885251,1.59614749,6967.78708,0.0,0.0,0.0,0.0
511,4,0,0,149.1914,59.0,15.4,0.005686023,71.2134201100916,5.539855957,0.0,-0.025501678,0.359692812,1.465307188,6982.286729,686.723083,665.22821,0.003129,0.003081
512,4,0,0,149.6737,60.0,16.0,0.005758223,71.216422671823,4.221496582,0.0,-0.050811615,0.480449915,1.344550085,6998.766256,668.119324,695.919006,0.003271,0.0
513,4,0,0,150.1592,60.0,16.0,0.00580451,71.1262460247076,4.397277832,0.0,-0.030870453,0.48812604,1.33687396,7012.611291,482.552887,677.572083,0.0,0.003092
514,4,0,0,150.5253,60.0,16.2,0.005835266,71.0784344323288,3.957824707,0.0,-0.008628387,0.385349989,1.439650011,7029.095101,751.592285,870.846619,0.003395,0.003435
515,4,0,0,150.5253,62.0,16.2,0.00584141,70.9590423579356,3.782043457,0.0,0.003834839,0.257322073,1.567677927,7042.927199,685.212891,694.9245,0.003395,0.0
516,4,0,0,150.4031,61.0,16.4,0.005824327,70.8300827572424,4.089660645,0.0,0.019941162,0.112841845,1.712158155,7058.720566,689.71582,683.764893,0.003336,0.003397
517,4,0,0,150.5253,59.0,16.4,0.005793473,70.5339786169288,0.0,16.12243652,0.00690271,0.020247221,1.804752779,7073.169968,674.422913,737.62677,0.003334,0.004081
518,4,0,0,150.6478,58.0,16.5,0.005744952,70.018365199888,0.0,7.919311523,-0.013997162,-0.058229208,1.883229208,7088.899768,718.418823,668.725891,0.00306,0.003214
519,4,0,0,150.6478,58.0,16.5,0.005690416,69.5391679444606,0.0,0.0,-0.007094452,-0.154601336,1.979601336,7102.579636,736.631592,851.062683,0.003065,0.003169
520,4,0,0,150.5253,58.0,16.7,0.005618904,69.1613680891504,5.58380127,0.0,0.001533936,-0.286783457,2.111783457,7118.737139,718.291687,665.598328,0.003195,0.003278
521,4,0,0,151.0163,57.0,16.7,0.00555762,69.029114443065,0.0,0.0,0.054454712,-0.39012599,2.21512599,7132.207253,734.612427,667.810791,0.003345,0.003448
522,4,0,0,151.7589,58.0,16.5,0.005497408,68.791867954275,5.188293457,0.0,0.079764648,-0.407296419,2.232296419,7147.56306,700.95459,676.039307,0.003239,0.003265
523,4,0,0,151.8834,58.0,16.5,0.005452831,68.833164423345,6.729125977,0.0,-0.030103485,-0.259041071,2.084041071,7161.580249,613.329285,667.448486,0.003297,0.003424
524,4,0,0,152.3833,58.0,16.7,0.005405793,69.0318779534328,7.168579102,0.0,-0.078422455,-0.057561159,1.882561159,7177.514724,608.104614,640.181091,0.003238,0.003289
525,4,0,0,152.5088,57.0,16.7,0.005367362,69.172127717962,6.992797852,0.0,-0.053879486,-0.012785196,1.837785196,7190.940046,719.480713,661.55127,0.003088,0.003186
526,4,0,0,152.6345,57.0,16.5,0.005331462,69.13010575842,4.792785645,0.0,0.030678711,-0.111716986,1.936716986,7206.949371,736.825806,683.775391,0.003217,0.0
527,4,0,0,153.2661,56.0,16.5,0.005310668,68.7568987019754,2.153320313,0.0,0.074395874,-0.191499949,2.016499949,7220.356738,718.426697,871.985474,0.002958,0.0031
528,4,0,0,153.6476,57.0,16.4,0.005300224,68.9253517959498,7.651977539,0.0,0.049085938,-0.127399206,1.952399206,7235.651671,735.18811,863.046875,0.003129,0.003165
529,4,0,0,153.6476,57.0,16.4,0.005300524,69.290014126038,11.21429443,0.0,0.037581421,0.086685896,1.738314104,7249.744445,697.025024,674.66571,0.003034,0.003115
530,4,0,0,154.031,57.0,16.2,0.005304505,69.7636445134714,9.764099121,0.0,-0.10756723,0.401376963,1.423623037,7265.231885,679.916077,660.645691,0.003218,0.0
531,4,0,0,154.1592,56.0,16.2,0.005304233,70.0091893547572,6.685180664,0.0,-0.105266327,0.495747328,1.329252672,7278.844191,690.202271,663.489685,0.003256,0.003258
532,4,0,0,154.1592,57.0,15.8,0.005297649,70.1562969676416,7.695922852,0.0,0.017640259,0.313310862,1.511689138,7295.085197,695.990295,672.57489,0.003152,0.003095
533,4,0,0,154.5452,58.0,15.8,0.005290493,70.34918322243,8.267211914,0.0,0.056755615,0.094288588,1.730711412,7308.776997,737.953125,794.541626,0.003009,0.0
534,4,0,0,154.2877,58.0,15.7,0.00528272,70.6056054157484,7.520141602,0.0,0.049085938,-0.062605143,1.887605143,7324.476034,669.72052,663.702698,0.003159,0.003163
535,4,0,0,154.9331,58.0,15.7,0.005275371,70.7170341861404,7.256469727,0.0,0.049085938,-0.077734232,1.902734232,7338.899402,674.50592,670.133484,0.003098,0.003184
536,4,0,0,155.4533,59.0,15.4,0.005269567,70.8915449807154,7.695922852,0.0,-0.008628387,0.018447161,1.806552839,7355.339158,742.827271,672.763,0.003222,0.003175
537,4,0,0,155.5839,60.0,15.4,0.005270325,71.065762135114,7.959594727,0.0,0.001533936,0.124791861,1.700208139,7369.1967,0.0,0.0,0.0,0.0
538,4,0,0,155.5839,59.0,15.3,0.005278314,71.2846307496806,8.311157227,0.0,-0.000959,0.233961344,1.591038656,7385.756224,687.641296,673.458679,0.00306,0.003169
539,4,0,0,155.4533,58.0,15.3,0.005295008,71.500428695247,8.311157227,0.0,-0.030870453,0.316499472,1.508500528,7399.712913,736.647705,862.150513,0.002991,0.003146
540,4,0,0,154.4163,60.0,15.0,0.005336633,71.7755355834598,5.938110352,0.0,-0.041608002,0.371581316,1.453418684,7415.680136,719.817871,628.645508,0.0,0.003291
541,4,0,0,153.5202,60.0,15.0,0.005397985,71.817631218587,6.553344727,0.0,-0.027035614,0.328873873,1.496126127,7430.341735,0.0,0.0,0.0,0.0
542,4,0,0,153.3931,59.0,15.0,0.005488043,71.9263602567554,6.904907227,0.0,0.003834839,0.173413992,1.651586008,7446.36646,689.401306,662.843018,0.003088,0.003097
543,4,0,0,154.1592,61.0,15.0,0.00557251,72.0387181152228,6.992797852,0.0,0.032979614,0.017695189,1.807304811,7460.413552,699.299622,665.299805,0.003101,0.003136
544,4,0,0,154.6743,60.0,15.0,0.005663968,72.1661725645876,6.948852539,0.0,0.030678711,-0.096864462,1.921864462,7477.167154,0.0,0.0,0.0,0.0
545,4,0,0,155.1927,60.0,15.0,0.005731097,72.273171562256,6.992797852,0.0,0.030678711,-0.123673201,1.948673201,7491.265911,696.363281,645.406128,0.003053,0.003241
546,4,0,0,155.5839,60.0,15.0,0.005784566,72.4028485906278,6.992797852,0.0,0.019941162,-0.077534914,1.902534914,7507.407835,661.735107,659.759827,0.003163,0.003237
547,4,0,0,155.977,62.0,15.0,0.005809185,72.514639108465,7.036743164,0.0,-0.000959,0.024704695,1.800295305,7522.231317,681.916809,659.733704,0.00324,0.003318
548,4,0,0,156.1085,62.0,15.0,0.005813969,72.6260909085124,7.036743164,0.0,-0.023200775,0.129175425,1.695824575,7536.404383,688.086426,654.920715,0.003345,0.003476
549,4,0,0,156.5043,58.0,15.0,0.005795247,72.751997204984,6.992797852,0.0,-0.003259613,0.211263895,1.613736105,7553.303743,685.40332,659.57782,0.003348,0.003355
550,4,0,0,156.6367,54.0,15.0,0.005761779,72.8592426730734,7.036743164,0.0,-0.013997162,0.251703978,1.573296022,7567.482285,0.0,0.0,0.0,0.0
551,4,0,0,156.6367,52.0,15.0,0.005717954,72.9833550704338,7.036743164,0.0,-0.008628387,0.286189318,1.538810682,7584.357237,732.041687,859.841919,0.003147,0.003324
552,4,0,0,156.6367,51.0,15.0,0.005686915,72.9740628056474,3.518371582,0.0,-0.003259613,0.294366598,1.530633402,7598.530238,0.0,0.0,0.0,0.0
553,4,0,0,157.0352,50.0,15.0,0.005660492,72.9070748006306,5.58380127,0.0,-0.015531097,0.296893358,1.528106642,7615.394203,699.161682,669.71051,0.00304,0.003154
554,4,0,0,157.1685,51.0,15.0,0.005637197,72.8992635148858,5.58380127,0.0,-0.02166684,0.284821272,1.540178728,7629.477212,681.943298,658.880005,0.00326,0.003307
555,4,0,0,156.5043,51.0,15.0,0.005604509,72.8903564134416,5.58380127,0.0,0.017640259,0.218071222,1.606928778,7645.448118,674.957397,663.598694,0.003301,0.003459
556,4,0,0,156.6367,51.0,15.0,0.005571089,72.8727612256338,1.538085938,0.0,0.029144775,0.154932737,1.670067263,7659.972971,680.785278,682.780518,0.003351,0.0
557,4,0,0,156.9021,51.0,15.0,0.005536241,72.3163569297774,0.0,4.989624023,0.013038452,0.13437438,1.69062562,7675.693794,722.563477,661.58429,0.003188,0.003187
558,4,0,0,156.5043,51.0,14.7,0.005521362,71.8395809907536,0.0,1.620483398,0.0,0.163167238,1.661832762,7690.051049,615.980713,664.690918,0.002957,0.003109
559,4,0,0,154.8036,51.0,14.7,0.00552584,71.27807254434,0.0,0.0,-0.036239227,0.206646681,1.618353319,7705.738393,686.00531,678.023804,0.003248,0.0
560,4,0,0,153.903,51.0,14.4,0.005540397,70.7897163579452,0.0,0.0,-0.001725677,0.193357706,1.631642294,7719.48747,0.0,0.0,0.0,0.0
561,4,0,0,153.3931,52.0,14.4,0.005563114,70.4646393178918,6.289672852,0.0,-0.003259613,0.149074316,1.675925684,7735.881277,731.659607,864.092773,0.003286,0.003243
562,4,0,0,154.031,53.0,13.9,0.005588104,70.5610320085704,6.641235352,0.0,-0.000959,0.096679926,1.728320074,7749.672634,503.785187,643.631714,0.003177,0.003337
563,4,0,0,155.4533,54.0,13.9,0.005618273,70.6866766907316,6.553344727,0.0,0.010737549,0.03389287,1.79110713,7766.111936,737.436829,672.893982,0.002992,0.00313
564,4,0,0,155.8458,54.0,13.1,0.005638554,70.7807084635368,6.509399414,0.0,0.005368774,-0.009415388,1.834415388,7779.940371,704.68927,666.549683,0.003043,0.003193
565,4,0,0,155.977,56.0,13.1,0.005653201,70.8902583938524,6.509399414,0.0,0.005368774,-0.036507845,1.861507845,7796.426281,720.55249,680.578674,0.0,0.00301
566,4,0,0,155.977,56.0,12.7,0.00566393,70.9720288948788,6.245727539,0.0,0.00690271,-0.046318293,1.871318293,7810.294667,752.352112,667.501892,0.002974,0.003072
567,4,0,0,156.2402,56.0,12.7,0.005678211,71.0655467088616,6.421508789,0.0,0.0,-0.039334536,1.864334536,7826.167708,746.332214,685.858887,0.003098,0.0
568,4,0,0,156.6367,56.0,12.3,0.005696801,71.154707379635,6.509399414,0.0,-0.003259613,-0.024082422,1.849082422,7840.747576,839.467529,663.675903,0.002976,0.003097
569,4,0,0,157.0352,56.0,12.3,0.005724767,71.2554402993596,6.509399414,0.0,-0.003259613,-0.013818502,1.838818502,7856.726112,876.884277,667.620483,0.002967,0.003052
570,4,0,0,157.1685,58.0,11.7,0.005743229,71.3435188821038,6.597290039,0.0,-0.001725677,-0.012279272,1.837279272,7871.459334,688.846191,672.290894,0.003174,0.003292
571,4,0,0,157.5696,60.0,11.7,0.005746023,71.4500402437536,6.641235352,0.0,-0.000959,-0.016115427,1.841115427,7887.626037,680.590027,680.327576,0.003193,0.003249
572,4,0,0,157.4357,57.0,11.4,0.005735141,71.5774417941126,7.080688477,0.0,0.0,-0.022317648,1.847317648,7901.846261,695.908325,672.001709,0.003215,0.003192
573,4,0,0,156.7693,57.0,11.4,0.005713625,71.9032950349414,9.720153809,0.0,0.005368774,-0.026871443,1.851871443,7918.850905,743.356812,872.838989,0.003372,0.003217
574,4,0,0,155.977,57.0,10.9,0.005689607,72.275766059737,9.676208496,0.0,0.005368774,-0.019006491,1.844006491,7933.184661,733.690125,864.444885,0.003284,0.003302
575,4,0,0,155.977,57.0,10.9,0.005668148,72.6882052365534,10.86273193,0.0,0.00690271,0.003864527,1.821135473,7950.304716,0.0,0.0,0.0,0.0
576,4,0,0,156.9021,56.0,10.4,0.005670208,73.028261256937,9.808044434,0.0,0.010737549,0.039892435,1.785107565,7964.735257,716.229614,665.960083,0.003104,0.00302
577,4,0,0,157.0352,59.0,10.4,0.005701253,73.3762836712546,9.236755371,0.0,0.005368774,0.10632205,1.71867795,7981.974372,732.593384,665.020813,0.003051,0.003185
578,4,0,0,157.4357,57.0,10.3,0.005743517,73.6181895212126,8.442993164,0.0,0.005368774,0.181272268,1.643727732,7996.504823,798.17041,676.464111,0.003118,0.0
579,4,0,0,157.1685,57.0,10.3,0.0057903,73.856173908486,8.486938477,0.0,-0.008628387,0.275627851,1.549372149,8013.166033,695.969788,667.567505,0.002984,0.003042
580,4,0,0,157.1685,57.0,10.2,0.005819877,74.0626756141962,8.709411621,0.0,-0.017832001,0.353459597,1.471540403,8028.489863,693.166016,649.343628,0.002939,0.00306
581,4,0,0,157.1685,59.0,10.2,0.005843234,74.3203338289148,8.797302246,0.0,-0.013997162,0.407619238,1.417380762,8045.261535,690.838196,682.428528,0.003067,0.0
582,4,0,0,156.7693,59.0,10.3,0.005859649,74.5360963529078,8.797302246,0.0,-0.000959,0.419017076,1.405982924,8060.684908,678.779785,632.233093,0.00307,0.003183
583,4,0,0,156.7693,59.0,10.3,0.005875889,74.7888943769198,8.841247559,0.0,-0.000959,0.419869184,1.405130816,8077.56057,695.186096,671.171326,0.003123,0.003198
584,4,0,0,157.302,58.0,10.5,0.00588808,75.0086729445092,8.841247559,0.0,-0.001725677,0.418112993,1.406887007,8092.275829,690.729126,664.229614,0.003055,0.003058
585,4,0,0,157.8382,60.0,10.5,0.005900647,75.257319708178,8.841247559,0.0,-0.003259613,0.411053896,1.413946104,8109.655433,690.831482,676.677979,0.003283,0.003225
586,4,0,0,158.2429,60.0,10.6,0.005912166,75.4721331399994,8.797302246,0.0,-0.003259613,0.396928072,1.428071928,8124.139007,698.733398,640.496277,0.0033,0.003217
587,4,0,0,158.1078,60.0,10.6,0.005923637,75.7123343770294,8.797302246,0.0,-0.013997162,0.369329214,1.455670786,8141.245431,693.432495,679.61322,0.003264,0.003296
588,4,0,0,158.3782,61.0,10.8,0.005928552,75.9212846613628,8.311157227,0.0,0.003067871,0.318787813,1.506212187,8153.471264,749.173828,865.757385,0.003408,0.0
589,4,0,0,158.7856,61.0,10.8,0.0059307,75.7653915326712,0.0,87.7532959,0.003067871,0.252109766,1.572890234,8169.655102,692.330811,673.878113,0.003535,0.0
590,4,0,0,159.3321,61.0,11.2,0.005928433,75.3364682081028,0.0,219.7357178,-0.003259613,0.209172487,1.615827513,8182.372972,699.150574,670.318604,0.003225,0.003301
591,4,0,0,159.7444,61.0,11.2,0.005917951,74.7632268040456,0.0,207.4310303,0.010737549,0.146600008,1.678399992,8198.319424,717.354614,831.251282,0.003229,0.0
592,4,0,0,160.1589,59.0,11.3,0.005905706,74.2490752470872,0.0,172.4212646,0.009203613,0.090543985,1.734456015,8212.165109,0.0,0.0,0.0,0.0
593,4,0,0,160.2975,59.0,11.3,0.005898347,73.4690347956614,0.0,14.65759277,0.008436646,0.053213358,1.771786642,8226.563408,747.765076,867.235413,0.003402,0.003596
594,4,0,0,160.9943,58.0,11.6,0.005897996,73.1619300761514,0.0,9.237670898,0.00690271,0.051760435,1.773239565,8232.422432,731.607788,660.221375,0.003358,0.003543
595,4,0,0,161.4153,57.0,11.6,0.005904913,72.6080816375226,0.0,0.0,-0.005560516,0.062037706,1.762962294,8247.958436,694.105103,670.363403,0.003178,0.003146
596,4,0,0,161.5561,56.0,12.0,0.005916602,72.110210598526,0.0,0.0,-0.013997162,0.061525583,1.763474417,8262.08742,699.839783,672.703308,0.003112,0.003156
597,4,0,0,160.9943,57.0,12.0,0.005927376,71.5467010182894,0.0,0.0,-0.003259613,0.029182673,1.795817327,8277.379479,694.666077,672.708008,0.003363,0.00335
598,4,0,0,161.1344,58.0,12.0,0.005926662,71.0569530585692,0.0,0.0,-0.012463226,-0.021892786,1.846892786,8285.610414,685.557129,684.10553,0.003391,0.003416
599,4,0,0,161.1344,58.0,12.0,0.005903542,70.5018491738064,0.0,0.0,0.021475098,-0.114279509,1.939279509,8300.729601,705.594727,673.217529,0.003388,0.003506
600,4,0,0,160.8545,57.0,12.3,0.005867526,69.9347572027298,0.0,14.07165527,0.032979614,-0.163053751,1.988053751,8312.147778,701.384888,669.326721,0.003267,0.003265
601,4,0,0,160.1589,59.0,12.3,0.00582209,69.4558068200584,0.0,37.50915527,0.018407227,-0.122082949,1.947082949,8324.381355,702.264099,630.902893,0.0,0.003371
602,4,0,0,160.0205,59.0,12.3,0.005776681,68.9981967042154,0.0,42.92907715,0.012271484,-0.013465643,1.838465643,8336.146346,748.599915,677.174988,0.00327,0.003309
603,4,0,0,160.4364,57.0,12.3,0.005732432,68.4778945877384,0.0,37.65563965,-0.027035614,0.149702787,1.675297213,8352.724481,712.443787,888.546692,0.003242,0.003394
604,4,0,0,160.5755,57.0,12.5,0.00571656,68.0102170202178,0.0,0.0,-0.053879486,0.258506536,1.566493464,8364.756416,0.0,0.0,0.0,0.0
605,4,0,0,160.9943,57.0,12.5,0.005710768,68.428690851886,16.8447876,0.0,-0.049277679,0.251509905,1.573490095,8380.943078,609.517273,667.240417,0.003147,0.003339
606,4,0,0,161.2747,57.0,12.5,0.005710219,69.5593252176418,19.17663574,0.0,0.003067871,0.129615068,1.695384932,8393.883644,694.195129,671.720276,0.003153,0.003231
607,4,0,0,159.6067,59.0,12.5,0.005713768,70.8049317020412,18.03405762,0.0,0.054454712,-0.034567595,1.859567595,8410.350464,741.898926,867.874207,0.003262,0.003229
608,4,0,0,156.1085,59.0,12.7,0.005722629,71.748102339298,13.80981445,0.0,0.03451355,-0.089043379,1.914043379,8425.403174,662.158997,694.300781,0.003262,0.0
609,4,0,0,154.5452,58.0,12.7,0.005728611,72.2711993321794,13.2824707,0.0,0.001533936,-0.035350561,1.860350561,8441.740409,675.685608,672.818909,0.003114,0.003209
610,4,0,0,153.2661,59.0,12.7,0.005718686,72.9379700891872,14.16137695,0.0,-0.010929291,0.043072939,1.781927061,8456.032693,690.288391,671.944397,0.003211,0.003205
611,4,0,0,149.916,59.0,12.7,0.005694982,73.697237179893,14.42504883,0.0,-0.010929291,0.116014719,1.708985281,8473.043499,717.070496,878.444397,0.003259,0.003306
612,4,0,0,138.1712,58.0,12.9,0.005680941,74.151150400355,8.399047852,0.0,-0.010929291,0.152920485,1.672079515,8487.329533,0.0,0.0,0.0,0.0
613,4,0,0,123.4355,58.0,12.9,0.005680792,73.8342911170502,0.0,8.065795898,-0.010929291,0.164211035,1.660788965,8503.652944,694.622986,666.336975,0.003036,0.003044
614,4,0,0,112.5568,57.0,12.8,0.00568052,73.508636211283,5.982055664,0.0,-0.02166684,0.138671637,1.686328363,8518.612624,747.657776,870.838623,0.003206,0.003291
615,4,0,0,109.3016,59.0,12.8,0.005661521,73.5078308331734,5.627746582,0.0,-0.005560516,0.052694082,1.772305918,8534.928423,688.565491,671.432983,0.003122,0.003173
616,4,0,0,108.9799,57.0,13.0,0.005630632,73.4931556640484,5.58380127,0.0,0.008436646,-0.047267675,1.872267675,8549.882768,698.157104,674.097717,0.003055,0.003019
617,4,0,0,109.9505,57.0,13.0,0.005596458,73.4761005224644,5.58380127,0.0,0.019941162,-0.153197527,1.978197527,8566.875604,691.902527,670.308289,0.003154,0.003211
618,4,0,0,112.1479,57.0,13.2,0.005580745,73.461525116326,5.58380127,0.0,0.017640259,-0.201353788,2.026353788,8580.468991,750.610107,857.276306,0.003136,0.003206
619,4,0,0,114.7895,58.0,13.2,0.00558704,73.444502805278,5.58380127,0.0,0.023009033,-0.197457075,2.022457075,8597.458144,745.362671,857.559204,0.003189,0.003239
620,4,0,0,116.012,59.0,13.4,0.005615536,73.4298955985812,5.58380127,0.0,0.012271484,-0.143727064,1.968727064,8612.407094,686.714722,668.168274,0.003019,0.003049
621,4,0,0,117.5585,59.0,13.4,0.005672582,73.4178033557826,5.715637207,0.0,0.003067871,-0.037271261,1.862271261,8628.715097,694.645203,665.759094,0.003093,0.003174
622,4,0,0,119.3004,59.0,13.5,0.005738425,73.414952104198,5.715637207,0.0,-0.007094452,0.066403151,1.758596849,8642.983641,691.23053,676.659607,0.003191,0.003198
623,4,0,0,120.9365,60.0,13.5,0.005820791,73.4112379727856,5.671691895,0.0,0.003834839,0.170472383,1.654527617,8659.967623,688.002197,663.508484,0.003077,0.00321
624,4,0,0,122.3751,61.0,13.7,0.005885396,73.4030545432592,5.58380127,0.0,-0.004793549,0.257296324,1.567703676,8674.190054,734.83783,864.667419,0.003153,0.003253
625,4,0,0,123.6002,60.0,13.7,0.005934457,73.391462821294,5.671691895,0.0,-0.016298065,0.347084284,1.477915716,8690.319809,731.399902,868.630005,0.003222,0.003291
626,4,0,0,124.5982,58.0,13.8,0.005951768,73.388261924501,5.75958252,0.0,-0.017832001,0.394573927,1.430426073,8704.989136,711.252075,674.599792,0.003262,0.003369
627,4,0,0,125.5272,58.0,13.8,0.00595147,73.3894502933438,5.671691895,0.0,-0.019365936,0.395611048,1.429388952,8720.866336,0.0,0.0,0.0,0.0
628,4,0,0,126.2977,59.0,13.9,0.005941742,73.3816016226308,5.671691895,0.0,-0.015531097,0.341814756,1.483185244,8735.306099,720.1922,656.701294,0.003282,0.003253
629,4,0,0,126.9036,59.0,13.9,0.005923588,73.3722034954592,5.58380127,0.0,-0.003259613,0.223426104,1.601573896,8751.583174,704.394104,668.512878,0.003119,0.003142
630,4,0,0,127.3399,60.0,14.0,0.005902948,73.020154609022,0.0,1.034545898,0.009203613,0.10430932,1.72069068,8764.504686,709.284424,665.654602,0.003232,0.003467
631,4,0,0,127.6031,59.0,14.0,0.005870068,72.4310884681844,0.0,1.327514648,-0.007094452,-0.015218496,1.840218496,8780.532461,722.916687,673.928406,0.003236,0.003288
632,4,0,0,128.3104,58.0,14.1,0.005826456,71.9172582803306,0.0,0.0,0.014572388,-0.10582757,1.93082757,8794.525128,703.740112,661.765381,0.003219,0.003344
633,4,0,0,129.0256,58.0,14.1,0.005761854,71.3377443609696,0.0,0.0,0.014572388,-0.181176424,2.006176424,8809.73475,0.0,0.0,0.0,0.0
634,4,0,0,129.4767,58.0,14.5,0.00570594,70.849805846585,0.0,0.0,0.014572388,-0.20168519,2.02668519,8823.062051,662.558411,673.578918,0.003337,0.003466
635,4,0,0,129.9309,58.0,14.5,0.005657501,70.2968245203482,0.0,0.0,0.009203613,-0.181539297,2.006539297,8838.952207,690.014404,666.256104,0.00302,0.003212
636,4,0,0,130.4802,57.0,14.5,0.005628724,69.8337606409264,0.0,0.0,0.009203613,-0.133723021,1.958723021,8852.31514,689.578186,666.554199,0.002967,0.003102
637,4,0,0,131.0341,57.0,14.5,0.005606718,69.3052722946714,0.0,0.0,-0.000959,-0.055521727,1.880521727,8866.319581,0.0,0.0,0.0,0.0
638,4,0,0,131.7801,59.0,14.9,0.005588858,68.8497068774852,0.0,0.0,-0.003259613,0.022291422,1.802708578,8879.690744,698.364929,667.81488,0.003182,0.003264
639,4,0,0,132.3452,59.0,14.9,0.005577676,68.4627516317556,2.724609375,0.0,0.003067871,0.099529982,1.725470018,8892.992737,573.476013,650.033875,0.003218,0.003226
640,4,0,0,132.7246,58.0,14.9,0.005579011,68.499727521821,6.377563477,0.0,0.003067871,0.19190383,1.63309617,8908.704422,707.935303,661.978882,0.003131,0.003221
641,4,0,0,133.0106,57.0,14.9,0.00559384,68.5946456869114,6.201782227,0.0,-0.010162323,0.281928778,1.543071222,8921.798736,691.859619,668.96051,0.002993,0.00312
642,4,0,0,133.1062,58.0,14.9,0.005617755,68.6932493854424,5.75958252,0.0,-0.020132904,0.363442659,1.461557341,8936.695512,677.707703,674.825012,0.003102,0.003136
643,4,0,0,133.3938,57.0,14.9,0.005629119,68.7470436188042,5.364074707,0.0,-0.013997162,0.395157099,1.429842901,8950.472219,694.875488,665.181213,0.003238,0.003287
644,4,0,0,133.876,56.0,14.9,0.00561286,68.7691975196564,5.539855957,0.0,-0.02166684,0.383626223,1.441373777,8965.781438,719.928101,659.98877,0.003089,0.003064
645,4,0,0,134.3616,57.0,14.9,0.005573235,68.6860744005468,0.0,0.0,0.0,0.328371286,1.496628714,8980.09217,659.894409,666.766724,0.003128,0.003188
646,4,0,0,134.6547,57.0,15.2,0.005519163,68.1510692894562,0.0,0.0,0.010737549,0.255258322,1.569741678,8996.6518,642.764282,665.446472,0.003127,0.003219
647,4,0,0,134.6547,57.0,15.2,0.00547953,67.6856421747114,0.0,0.0,-0.007094452,0.210433245,1.614566755,9010.005176,609.265503,649.013916,0.003235,0.003297
648,4,0,0,134.5569,57.0,15.2,0.00545195,67.1754850479132,0.0,0.0,-0.004793549,0.153511286,1.671488714,9026.87227,714.677795,686.33429,0.003012,0.003129
649,4,0,0,134.167,58.0,15.2,0.005447861,67.0388555419942,9.983825684,0.0,0.012271484,0.094445467,1.730554533,9041.890368,0.0,0.0,0.0,0.0
650,4,0,0,133.876,59.0,15.5,0.005465086,67.7448751886966,17.94616699,0.0,0.008436646,0.048708677,1.776291323,9058.482052,0.0,0.0,0.0,0.0
651,4,0,0,134.0698,59.0,15.5,0.005487952,68.916875611384,18.42956543,0.0,0.017640259,0.027601004,1.797398996,9073.151089,712.178894,667.66571,0.003203,0.003176
652,4,0,0,133.9728,59.0,15.4,0.005507352,70.258155250548,21.99188232,0.0,0.019941162,0.042539358,1.782460642,9090.558701,0.0,0.0,0.0,0.0
653,4,0,0,133.876,59.0,15.4,0.005518962,71.4840310978002,14.64752197,0.0,-0.008628387,0.110227823,1.714772177,9105.065602,715.493286,668.130615,0.00331,0.003495
654,4,0,0,133.5863,59.0,15.4,0.005534967,72.0512826188444,12.88696289,0.0,-0.008628387,0.188489676,1.636510324,9121.516584,760.062927,813.696594,0.003185,0.003253
655,4,0,0,133.7793,58.0,15.4,0.005549124,72.765992749827,14.29321289,0.0,-0.030103485,0.240630388,1.584369612,9136.477605,744.786804,875.643372,0.003317,0.0033
656,4,0,0,134.5569,59.0,15.4,0.005556436,73.5767306375498,16.88873291,0.0,-0.030103485,0.227802992,1.597197008,9152.695264,700.032471,663.507507,0.003307,0.003437
657,4,0,0,135.2448,59.0,15.4,0.005554409,74.4234795999146,15.87799072,0.0,0.001533936,0.150141478,1.674858522,9167.491223,698.666504,668.876709,0.00318,0.003268
658,4,0,0,136.0396,58.0,15.3,0.005546693,75.3638628924782,15.39459229,0.0,0.00690271,0.038894415,1.786105585,9183.570628,737.255371,866.940308,0.003283,0.003358
659,4,0,0,136.6419,58.0,15.3,0.005541482,75.380268295224,0.0,4.843139648,0.0,-0.046289206,1.871289206,9197.645055,641.508301,683.193298,0.00346,0.0
660,4,0,0,137.1479,59.0,15.6,0.005548176,74.7873202331856,0.0,47.76306152,0.029144775,-0.132273912,1.957273912,9214.329362,661.547913,676.40979,0.00316,0.003313
661,4,0,0,137.2495,59.0,15.6,0.005569415,74.2733865647698,0.0,61.67907715,0.039882324,-0.156454325,1.981454325,9228.894775,746.371521,861.26062,0.00326,0.003373
662,4,0,0,137.5554,60.0,15.8,0.005605712,73.6729359688656,0.0,60.50720215,-0.017832001,-0.071758509,1.896758509,9244.659489,644.10907,673.859924,0.003266,0.003402
663,4,0,0,137.9653,60.0,15.8,0.005635,73.148687364467,0.0,0.0,-0.020132904,0.012793779,1.812206221,9258.347592,716.107727,814.305786,0.003231,0.003172
664,4,0,0,138.1712,59.0,16.0,0.005647349,72.88955859923,0.0,0.0,0.001533936,0.040715933,1.784284067,9274.514945,734.948792,878.109375,0.00323,0.003325
665,4,0,0,138.6886,59.0,16.0,0.005632881,72.3687700758314,3.606262207,0.0,0.009203613,0.037268877,1.787731123,9287.988904,732.521912,871.676392,0.003293,0.003412
666,4,0,0,139.0009,60.0,16.2,0.005596091,72.4120991896016,5.58380127,0.0,0.009203613,0.057801008,1.767198992,9303.307667,746.44342,859.645081,0.003352,0.003444
667,4,0,0,139.3146,59.0,16.2,0.005560112,72.3270252124506,3.782043457,0.0,0.008436646,0.097605467,1.727394533,9317.372535,701.049316,636.467529,0.0,0.003434
668,4,0,0,139.6297,58.0,16.4,0.005529021,71.8135132072082,0.0,5.282592773,-0.008628387,0.166365385,1.658634615,9332.757307,711.587524,691.808105,0.003167,0.0
669,4,0,0,139.6297,59.0,16.4,0.005515385,71.304978616998,0.0,13.19274902,-0.008628387,0.219171286,1.605828714,9346.896786,713.744873,667.28772,0.003311,0.003406
670,4,0,0,138.3777,59.0,16.6,0.005510328,70.7317399327254,0.0,14.07165527,-0.012463226,0.249697447,1.575302553,9362.354287,681.411682,672.719971,0.002921,0.003026
671,4,0,0,136.5411,58.0,16.6,0.005507365,70.2310495714498,0.0,13.63220215,-0.010162323,0.246493578,1.578506422,9375.906811,0.0,0.0,0.0,0.0
672,4,0,0,135.84,59.0,16.7,0.00550614,69.6655382136542,0.0,13.3392334,0.003067871,0.206181765,1.618818235,9392.071528,740.03479,880.875671,0.003062,0.003163
673,4,0,0,136.0396,60.0,16.7,0.005517908,69.1903602687834,0.0,2.938842773,-0.000959,0.157032728,1.667967272,9406.32219,733.106873,868.218994,0.0032,0.003296
674,4,0,0,136.6419,59.0,16.8,0.005555463,68.9337683544686,6.553344727,0.0,-0.001725677,0.100470304,1.724529696,9421.888856,743.194519,860.173279,0.00322,0.003285
675,4,0,0,137.4533,59.0,16.8,0.005604957,69.0743085244008,6.948852539,0.0,0.005368774,0.049876451,1.775123549,9435.525109,674.155701,668.422302,0.003305,0.003437
676,4,0,0,137.8626,60.0,16.9,0.005667259,69.2694809914998,7.608032227,0.0,0.008436646,-0.010870695,1.835870695,9451.777735,736.892395,862.046326,0.00317,0.003226
677,4,0,0,137.8626,60.0,16.9,0.005716026,69.4244397052006,6.641235352,0.0,0.008436646,-0.056195498,1.881195498,9465.446565,0.0,0.0,0.0,0.0
678,4,0,0,138.2743,60.0,17.0,0.005752551,69.5756333357846,6.685180664,0.0,0.019941162,-0.082572222,1.907572222,9481.073589,0.0,0.0,0.0,0.0
679,4,0,0,138.6886,61.0,17.0,0.00576309,69.7085128863828,6.685180664,0.0,0.019941162,-0.069942713,1.894942713,9495.413246,740.365784,867.486206,0.003014,0.003074
680,4,0,0,139.0009,61.0,17.1,0.005756937,69.8453131593692,6.553344727,0.0,0.019941162,-0.00096,1.825960112,9511.057194,808.292114,670.882019,0.003108,0.003044
681,4,0,0,139.5245,59.0,17.1,0.005743752,69.953980414975,6.553344727,0.0,0.009203613,0.1043365,1.7206635,9525.344617,693.630676,675.666809,0.003068,0.003142
682,4,0,0,138.6886,58.0,17.2,0.005729425,70.0514005726832,5.894165039,0.0,-0.005560516,0.264097452,1.560902548,9540.948234,724.1203,690.60968,0.00313,0.003171
683,4,0,0,138.8966,58.0,17.2,0.005726529,70.124041625851,6.201782227,0.0,0.008436646,0.395290613,1.429709387,9554.589038,715.830322,659.023926,0.003194,0.003334
684,4,0,0,139.4195,59.0,17.0,0.005744334,70.209500878998,6.069946289,0.0,-0.004793549,0.558385134,1.266614866,9570.833375,700.815674,665.492004,0.003286,0.00335
685,4,0,0,139.3146,59.0,17.0,0.005779428,70.2840394244928,6.201782227,0.0,-0.008628387,0.696821928,1.128178072,9585.134377,683.627075,666.133179,0.003361,0.0
686,4,0,0,135.4426,58.0,16.8,0.005826964,70.3154196071914,6.201782227,0.0,-0.008628387,0.81830287,1.00669713,9600.741912,692.038086,677.881714,0.003315,0.003283
687,4,0,0,130.7566,57.0,16.8,0.005856556,70.3722034792844,6.245727539,0.0,-0.050811615,0.910904169,0.914095831,9614.403989,737.185608,690.234802,0.003292,0.003355
688,4,0,0,128.3104,56.0,16.6,0.005867501,70.460592519808,5.58380127,0.0,-0.050811615,0.919543982,0.905456018,9630.683337,712.092773,651.236328,0.003236,0.003318
689,4,0,0,128.667,58.0,16.6,0.005864048,70.1518162271202,3.82598877,0.0,-0.010929291,0.779949903,1.045050097,9644.428169,726.629211,877.948975,0.003332,0.003287
690,4,0,0,130.2966,58.0,16.2,0.005853776,70.2419531235376,6.729125977,0.0,0.00690271,0.570709944,1.254290056,9660.234229,713.21283,652.391479,0.003254,0.003266
691,4,0,0,131.6864,61.0,16.2,0.005839912,70.167835790601,4.309387207,0.0,0.045251099,0.405556917,1.419443083,9674.815689,699.913208,677.582214,0.003058,0.003163
692,4,0,0,132.3452,61.0,16.1,0.005821397,70.1691457450808,5.58380127,0.0,0.023009033,0.314064264,1.510935736,9690.811119,702.201904,667.976074,0.003059,0.003204
693,4,0,0,133.49,62.0,16.1,0.005801672,70.1945349343218,5.58380127,0.0,-0.007094452,0.311179399,1.513820601,9705.559453,0.0,0.0,0.0,0.0
694,4,0,0,133.876,60.0,15.7,0.005766289,70.2243730635258,5.58380127,0.0,0.001533936,0.322158098,1.502841902,9721.736014,625.53009,650.06897,0.003173,0.003281
695,4,0,0,134.4592,60.0,15.7,0.005721622,70.2513238919292,5.58380127,0.0,0.003067871,0.320552111,1.504447889,9735.962144,0.0,0.0,0.0,0.0
696,4,0,0,134.8509,60.0,15.3,0.005662679,70.2807490805826,5.58380127,0.0,0.0,0.32017684,1.50482316,9752.913778,0.0,0.0,0.0,0.0
697,4,0,0,135.0475,59.0,15.3,0.005612388,70.4780021024336,11.12640381,0.0,-0.000959,0.322648764,1.502351236,9767.719428,687.276123,666.911194,0.003245,0.003271
698,4,0,0,135.641,58.0,14.7,0.005559503,70.9267642922642,10.86273193,0.0,0.0,0.323704958,1.501295042,9783.745382,693.190491,664.92627,0.003249,0.003278
699,4,0,0,136.1396,59.0,14.7,0.005516677,71.3842251096354,10.33538818,0.0,0.0,0.323323488,1.501676512,9797.662296,689.262512,668.737305,0.003209,0.003179
700,4,0,0,136.7428,59.0,14.1,0.005472887,71.805021717819,9.895935059,0.0,-0.010162323,0.321434736,1.503565264,9814.10066,709.539124,665.997009,0.002972,0.002997
701,4,0,0,137.0464,57.0,14.1,0.005443084,72.1736326440642,10.59906006,0.0,-0.005560516,0.304268122,1.520731878,9827.800313,0.0,0.0,0.0,0.0
702,4,0,0,137.4533,57.0,13.6,0.005425296,72.6095041814288,9.851989746,0.0,-0.001725677,0.260476351,1.564523649,9843.336742,680.913696,660.286682,0.003035,0.003103
703,4,0,0,137.76,59.0,13.6,0.005424679,72.9637726374072,9.851989746,0.0,-0.001725677,0.213142633,1.611857367,9857.466741,700.684509,668.099426,0.002999,0.003088
704,4,0,0,137.76,58.0,13.4,0.00543561,73.3324220429718,8.399047852,0.0,-0.001725677,0.152970552,1.672029448,9872.760271,727.233704,860.129395,0.002972,0.003143
705,4,0,0,137.8626,58.0,13.4,0.005450623,73.0338461817258,0.0,0.0,0.003834839,0.096991777,1.728008223,9886.668948,710.554077,680.047607,0.00298,0.0
706,4,0,0,137.76,58.0,13.0,0.005467029,72.4466056118106,0.0,0.0,0.003834839,0.042979002,1.782020998,9901.722729,677.530029,666.990723,0.003067,0.003047
707,4,0,0,137.9653,60.0,13.0,0.005474576,71.925651728727,0.0,0.0,0.003834839,0.008167028,1.816832972,9914.793209,675.712402,666.506287,0.003279,0.003235
708,4,0,0,138.5848,60.0,12.9,0.005476244,71.3380325776702,0.0,0.0,0.00690271,-0.017626047,1.842626047,9930.231124,679.373291,669.44812,0.003187,0.003267
709,4,0,0,139.1053,59.0,12.9,0.005477964,70.8160239975242,0.0,6.161499023,0.014572388,-0.023055315,1.848055315,9943.707338,699.631287,679.682922,0.003219,0.003414
710,4,0,0,139.4195,60.0,12.8,0.005488077,70.2285332878928,0.0,8.651733398,0.0,0.013756037,1.811243963,9958.28826,729.014526,670.461609,0.003068,0.003174
711,4,0,0,140.0521,60.0,12.8,0.005508127,69.7316381687656,0.0,8.651733398,-0.005560516,0.068148375,1.756851625,9970.949659,708.72168,674.817505,0.003209,0.0
712,4,0,0,140.5837,60.0,12.7,0.005545917,69.137106548354,0.0,8.505249023,-0.02166684,0.102801085,1.722198915,9985.906118,597.450684,663.763306,0.003206,0.003312
713,4,0,0,140.7975,60.0,12.7,0.005593622,68.6642700483426,0.0,6.454467773,-0.024734711,0.080909491,1.744090509,9998.368977,697.763977,674.945923,0.003062,0.003265
714,4,0,0,141.227,60.0,12.7,0.005665181,68.1124782174866,0.0,6.015014648,-0.010929291,-0.017760038,1.842760038,10012.536,637.046204,654.380981,0.003042,0.003177
715,4,0,0,141.4427,60.0,12.7,0.005735564,67.6151684519084,0.0,6.454467773,-0.012463226,-0.158486128,1.983486128,10025.57507,644.772705,679.336792,0.00316,0.003263
716,4,0,0,141.6591,60.0,12.9,0.005803635,67.0883628315574,0.0,5.429077148,-0.008628387,-0.34079814,2.16579814,10039.94987,641.428528,678.667603,0.003345,0.003334
717,4,0,0,141.9849,60.0,12.9,0.005834999,66.6143518834942,0.0,3.524780273,0.102006714,-0.540440798,2.365440798,10053.4211,677.338379,706.61969,0.003244,0.003376
718,4,0,0,141.9849,59.0,13.1,0.005828554,66.0544660541356,0.0,3.378295898,0.115045166,-0.587011099,2.412011099,10068.45803,0.0,0.0,0.0,0.0
719,4,0,0,142.3123,60.0,13.1,0.005788071,65.5688202216084,0.0,2.499389648,-0.004793549,-0.321966887,2.146966887,10081.91659,666.200012,678.870728,0.003246,0.003422
720,4,0,0,142.5314,59.0,13.0,0.005721392,65.0250182005834,0.0,0.0,-0.110635101,0.041141748,1.783858252,10098.29342,0.0,0.0,0.0,0.0
721,4,0,0,141.0119,58.0,13.0,0.005668585,64.542917534862,0.0,0.0,-0.090693939,0.125249624,1.699750376,10112.27582,652.0047,677.448914,0.003259,0.003257
722,4,0,0,136.6419,58.0,13.2,0.005626705,63.9920118709836,0.0,0.0,-0.000959,-0.090377569,1.915377569,10129.15912,668.151611,673.661316,0.003162,0.003206
723,4,0,0,132.4398,59.0,13.2,0.005599682,63.741078283455,7.432250977,0.0,0.118113037,-0.315183401,2.140183401,10143.55423,699.296082,694.505798,0.003143,0.003236
724,4,0,0,130.7566,59.0,13.4,0.005565789,64.1060388081518,8.399047852,0.0,0.06212439,-0.368127584,2.193127584,10160.79624,0.0,0.0,0.0,0.0
725,4,0,0,130.9415,58.0,13.4,0.005523778,64.9087572259074,19.96765137,0.0,0.003067871,-0.186144114,2.011144114,10175.21852,651.8703,678.667114,0.003329,0.0
726,4,0,0,132.6295,59.0,13.5,0.005459658,66.5641665468022,19.22058105,0.0,-0.044675873,0.057755232,1.767244768,10191.72107,731.377686,837.422119,0.003269,0.003389
727,4,0,0,134.0698,59.0,13.5,0.005398325,68.0208804265908,22.47528076,0.0,-0.048510712,0.185710669,1.639289331,10206.92137,0.0,0.0,0.0,0.0
728,4,0,0,135.2448,58.0,13.7,0.005341647,69.6813435578876,22.47528076,0.0,-0.010929291,0.203183413,1.621816587,10223.57427,703.454102,669.313721,0.003194,0.003181
729,4,0,0,136.2398,59.0,13.7,0.005318588,71.154632223457,19.17663574,0.0,-0.001725677,0.136195421,1.688804579,10238.89908,0.0,0.0,0.0,0.0
730,4,0,0,137.0464,58.0,13.8,0.005329859,72.2049789662492,16.09771729,0.0,0.016106323,0.046102762,1.778897238,10255.64818,677.890076,667.091614,0.003017,0.003181
731,4,0,0,137.76,58.0,13.8,0.00536891,73.2517592184806,17.59460449,0.0,0.017640259,0.003070593,1.821929407,10270.33738,725.347107,879.705994,0.003193,0.003176
732,4,0,0,138.0682,58.0,13.9,0.005425386,74.2931285316706,17.28424072,0.0,0.016106323,0.007329226,1.817670774,10285.70896,742.948792,857.265503,0.003102,0.003206
733,4,0,0,138.3777,58.0,13.9,0.005487428,74.3696647509074,2.329101563,0.0,-0.001725677,0.059480906,1.765519094,10300.27569,756.305298,840.085327,0.003099,0.003209
734,4,0,0,139.0009,58.0,14.3,0.005541193,74.1662566955726,6.377563477,0.0,-0.010162323,0.114577055,1.710422945,10315.42344,760.444702,855.696716,0.003266,0.003318
735,4,0,0,139.7351,58.0,14.3,0.005579588,74.3607771868508,9.851989746,0.0,-0.010929291,0.163118124,1.661881876,10331.81836,0.0,0.0,0.0,0.0
736,4,0,0,140.3706,56.0,14.4,0.005597662,74.7353405628606,8.797302246,0.0,0.0,0.186702967,1.638297033,10346.11907,701.51947,702.442871,0.00305,0.003073
737,4,0,0,140.7975,58.0,14.4,0.005618821,75.0733432263382,9.764099121,0.0,-0.010162323,0.194555998,1.630444002,10363.1742,778.896973,867.60553,0.003142,0.003162
738,4,0,0,140.6905,57.0,14.7,0.005646853,75.2837625966906,7.300415039,0.0,-0.012463226,0.184775114,1.640224886,10377.53532,0.0,0.0,0.0,0.0
739,4,0,0,140.3706,58.0,14.7,0.005688274,75.4447884578178,8.223266602,0.0,0.010737549,0.120105028,1.704894972,10394.67248,754.304199,672.265503,0.0,0.003214
740,4,0,0,139.1053,58.0,15.1,0.00572583,75.6188942619818,8.091430664,0.0,0.012271484,0.0773561,1.7476439,10409.09939,755.130493,874.147583,0.003125,0.003135
741,4,0,0,139.3146,60.0,15.1,0.005759141,75.1501268976934,0.0,14.5111084,-0.010929291,0.081205606,1.743794394,10426.30996,687.839722,687.087708,0.003212,0.0
742,4,0,0,139.4195,60.0,15.4,0.005771392,74.5794221836244,0.0,10.11657715,0.001533936,0.073324919,1.751675081,10440.79584,683.4599,673.82489,0.003136,0.0
743,4,0,0,139.8406,59.0,15.4,0.005766419,73.9404601780806,0.0,0.0,0.0,0.065974474,1.759025526,10457.40079,733.033813,864.49939,0.003036,0.003199
744,4,0,0,138.8966,61.0,15.3,0.005757636,73.5169375732446,6.465454102,0.0,-0.000959,0.060501814,1.764498186,10472.68596,0.0,0.0,0.0,0.0
745,4,0,0,139.0009,61.0,15.3,0.005751872,73.6440066339596,7.300415039,0.0,0.010737549,0.049814463,1.775185537,10489.4275,677.325195,684.146912,0.003104,0.0
746,4,0,0,139.0009,61.0,15.6,0.005743045,73.8166834890442,7.783813477,0.0,0.009203613,0.045695543,1.779304457,10504.7872,690.40509,673.937683,0.003129,0.0
747,4,0,0,139.4195,62.0,15.6,0.005717752,74.0150002041682,7.739868164,0.0,0.009203613,0.07479167,1.75020833,10521.41769,672.014893,693.458374,0.003067,0.0
748,4,0,0,139.7351,64.0,15.5,0.005683242,74.1734313264134,7.564086914,0.0,0.005368774,0.126587629,1.698412371,10535.896,687.874573,675.6297,0.002981,0.003037
749,4,0,0,140.1581,62.0,15.5,0.005635352,74.3430184257254,7.520141602,0.0,0.016106323,0.210590124,1.614409876,10553.17306,0.0,0.0,0.0,0.0
750,4,0,0,140.4771,60.0,15.8,0.005591982,74.490443851073,7.476196289,0.0,-0.001725677,0.324961424,1.500038576,10567.74859,0.0,0.0,0.0,0.0
751,4,0,0,140.3706,57.0,15.8,0.005550833,74.732702548826,9.808044434,0.0,-0.013997162,0.460230589,1.364769411,10585.17535,0.0,0.0,0.0,0.0
752,4,0,0,140.9046,56.0,15.7,0.005528871,75.037306836778,9.412536621,0.0,-0.019365936,0.551681757,1.273318243,10599.8448,696.616272,649.396973,0.003107,0.003254
753,4,0,0,141.5508,55.0,15.7,0.005517542,75.3724902584436,9.588317871,0.0,-0.027035614,0.585687399,1.239312601,10617.18887,739.622681,851.460876,0.003094,0.003173
754,4,0,0,141.4427,55.0,15.3,0.005513272,75.3976101246356,0.0,4.257202148,-0.005560516,0.513641596,1.311358404,10631.64267,698.787292,656.76709,0.003029,0.003107
755,4,0,0,137.76,54.0,15.3,0.005508323,74.7311233356708,0.0,0.0,0.021475098,0.385656118,1.439343882,10648.0549,688.233887,656.579285,0.002908,0.003037
756,4,0,0,134.6547,55.0,15.0,0.005499791,74.4540934149052,7.476196289,0.0,0.02761084,0.323377848,1.501622152,10663.11248,706.049072,652.338074,0.003054,0.003165
757,4,0,0,133.5863,56.0,15.0,0.005482101,74.734092455317,9.456481934,0.0,0.017640259,0.363655806,1.461344194,10679.60829,0.0,0.0,0.0,0.0
758,4,0,0,130.3883,57.0,14.7,0.005458307,75.0859152294842,9.632263184,0.0,-0.004793549,0.44639039,1.37860961,10694.79236,691.849304,660.157715,0.00318,0.00325
759,4,0,0,123.0254,58.0,14.7,0.005426097,75.4344758392846,9.236755371,0.0,-0.016298065,0.534172773,1.290827227,10711.43008,674.038574,694.784119,0.003323,0.0
760,4,0,0,119.1469,57.0,14.4,0.005404543,75.2145138069352,0.0,15.53649902,-0.005560516,0.553745985,1.271254015,10725.97604,680.265198,670.974915,0.003147,0.003242
761,4,0,0,118.3096,57.0,14.4,0.005404465,74.532771424281,0.0,18.31970215,-0.010929291,0.529112577,1.295887423,10743.15612,693.182617,659.000488,0.003144,0.003353
762,4,0,0,119.1469,57.0,13.9,0.005433171,73.912146995087,0.0,0.0,0.003834839,0.443538427,1.381461573,10757.47341,691.767395,679.054688,0.003151,0.003226
763,4,0,0,113.8719,57.0,13.9,0.005492387,73.8904914907394,8.486938477,0.0,0.017640259,0.342389822,1.482610178,10774.4142,693.596375,676.636292,0.003179,0.00331
764,4,0,0,101.1245,58.0,13.4,0.005551451,74.2186537804134,9.764099121,0.0,0.017640259,0.293051481,1.531948519,10788.64626,657.886597,661.783081,0.003018,0.00307
765,4,0,0,93.9903,59.0,13.4,0.00560696,74.5890582034348,9.192810059,0.0,0.003067871,0.30549407,1.51950593,10805.4829,721.359192,910.744324,0.003085,0.00322
766,4,0,0,93.1862,59.0,13.0,0.00563321,74.9608242246566,10.95062256,0.0,-0.000959,0.346615076,1.478384924,10819.52231,683.748596,675.959778,0.00327,0.003385
767,4,0,0,95.0516,59.0,13.0,0.005633038,74.5427441502062,0.0,5.136108398,-0.005560516,0.397135496,1.427864504,10835.54765,682.845886,670.745605,0.003076,0.003053
768,4,0,0,98.1759,60.0,12.9,0.005614268,73.9218854493884,0.0,4.110717773,0.013038452,0.424510717,1.400489283,10850.21395,0.0,0.0,0.0,0.0
769,4,0,0,101.3459,61.0,12.9,0.005588175,73.1988151189738,0.395507813,0.0,-0.004793549,0.504441023,1.320558977,10866.1133,695.615784,687.888184,0.003297,0.003364
770,4,0,0,103.0949,60.0,12.8,0.005568973,73.2337416111096,6.904907227,0.0,-0.020132904,0.543189287,1.281810713,10880.67996,696.65332,684.315674,0.003297,0.003322
771,4,0,0,103.0949,59.0,12.8,0.005545769,72.6749131664112,0.0,0.0,-0.024734711,0.499256372,1.325743628,10896.57292,687.586304,700.593994,0.003171,0.0
772,4,0,0,103.6721,59.0,12.7,0.00551714,72.1140405702316,5.188293457,0.0,0.014572388,0.330992937,1.494007063,10910.45284,702.979614,678.922119,0.003217,0.003318
773,4,0,0,104.0215,60.0,12.7,0.005482911,72.1275861918908,5.58380127,0.0,0.052920776,0.161451101,1.663548899,10926.94002,684.883484,668.102295,0.003245,0.003296
774,4,0,0,104.9648,60.0,12.9,0.005468437,71.6631367833828,0.0,0.0,0.037581421,0.228156328,1.596843672,10940.75247,0.0,0.0,0.0,0.0
775,4,0,0,105.6837,59.0,12.9,0.00548372,71.517715501324,5.806274414,0.0,-0.039307098,0.507279158,1.317720842,10957.07577,699.395691,666.241699,0.003304,0.003406
776,4,0,0,106.0468,59.0,13.1,0.005524904,71.5297595765764,4.52911377,0.0,-0.109101166,0.634790659,1.190209341,10970.67899,692.692505,675.471619,0.003048,0.003266
777,4,0,0,106.9656,59.0,13.1,0.005592763,71.3267032264052,4.045715332,0.0,0.0,0.273930311,1.551069689,10986.74863,0.0,0.0,0.0,0.0
778,4,0,0,107.3998,59.0,13.3,0.005657723,71.1521955700432,3.47442627,0.0,0.105841553,-0.233571291,2.058571291,11000.14119,0.0,0.0,0.0,0.0
779,4,0,0,105.6837,58.0,13.3,0.005720193,70.4893603413516,0.043945313,0.0,0.050619873,-0.332349539,2.157349539,11015.32936,682.805481,696.447876,0.003145,0.0
780,4,0,0,106.2293,58.0,13.5,0.005749367,69.8253897876636,0.0,0.0,-0.112169037,-0.018140554,1.843140554,11029.14242,708.526489,665.471802,0.0032,0.003382
781,4,0,0,105.8649,58.0,13.5,0.005745081,69.0755264246326,0.0,116.317749,0.023776001,0.038120985,1.786879015,11044.09316,0.0,0.0,0.0,0.0
782,4,0,0,103.3827,60.0,13.6,0.005709644,68.4027875911688,0.0,111.3372803,-0.037773163,-0.005975008,1.830975008,11057.69,783.063171,587.4245,0.003321,0.0
783,4,0,0,102.5241,60.0,13.6,0.005642014,67.670451920226,0.0,155.8685303,0.043717163,-0.135411501,1.960411501,11072.40658,683.880493,695.283691,0.003298,0.0
784,4,0,0,101.7915,60.0,13.8,0.005578117,67.0105136644684,0.0,261.630249,0.023776001,-0.128165483,1.953165483,11085.18531,683.591797,667.871582,0.003335,0.00357
785,4,0,0,95.9877,60.0,13.8,0.005527436,66.2945930040312,0.0,261.4837646,-0.030870453,0.05251193,1.77248807,11100.27817,690.662476,676.433472,0.003348,0.003467
786,4,0,0,94.3254,61.0,13.6,0.005507063,65.649001386731,0.0,261.630249,-0.049277679,0.173986673,1.651013327,11112.85591,699.572571,697.609192,0.003437,0.003675
787,4,0,0,93.9903,61.0,13.6,0.005489743,64.9294794257088,0.0,261.630249,-0.017832001,0.050781488,1.774218512,11126.89878,665.97113,674.322327,0.003483,0.0
788,4,0,0,93.5629,61.0,13.4,0.00545931,63.947193377417,0.0,260.6048584,0.02761084,-0.198800802,2.023800802,11135.2897,693.455505,687.668884,0.003471,0.003696
789,4,0,0,94.1336,61.0,13.4,0.005396862,40.1994383028066,0.0,260.458374,0.144189941,-0.315434217,2.140434217,11140.42712,641.800903,685.156128,0.00305,0.003266
790,4,0,0,92.4881,60.0,13.3,0.005323177,14.3641549018109,0.0,260.0189209,-0.041608002,-0.147092104,1.972092104,11140.941,,,,
791,4,0,0,92.6269,60.0,13.3,0.005323177,14.3641549018109,0.0,260.0189209,-0.041608002,-0.147092104,1.972092104,11140.941,,,,
792,4,0,0,93.1862,59.0,13.2,0.005323177,14.3641549018109,0.0,260.0189209,-0.041608002,-0.147092104,1.972092104,11140.941,,,,
